6095.50, 157.44, 2
810.25, 124.55, 60
4359.50, 26.61, 15
4200.75, 27.91, 15
3905.50, 29.19, 15
3945.00, 31.77, 15
3927.25, 33.05, 15
3566.00, 44.64, 14
0.00, 54.78, 0
0.00, 51.05, 9
1483.50, 53.61, 11
3968.00, 0.28, 0
3977.75, 80.12, 7
2325.75, 124.30, 28
2513.75, 66.53, 15
2497.75, 67.81, 15
2479.00, 69.09, 15
2470.25, 70.41, 15
2409.00, 71.70, 15
2436.75, 72.95, 15
2435.75, 74.22, 15
2435.25, 75.48, 15
2421.75, 76.80, 15
2410.75, 78.06, 15
2409.00, 79.38, 15
2413.50, 80.62, 15
2413.50, 81.91, 15
4015.25, 83.11, 15
1871.50, 124.22, 26
1911.00, 96.03, 15
4815.50, 97.34, 15
3977.50, 105.12, 15
907.75, 123.59, 15
858.75, 126.22, 15
3971.00, 421.56, 15
11343.50, 22.48, 15
544.00, 146.48, 15
536.00, 147.84, 15
530.00, 149.03, 15
524.50, 150.31, 15
519.25, 151.70, 15
514.50, 153.05, 15
13903.50, 154.25, 15
504.00, 157.05, 15
499.75, 158.14, 15
4016.00, 159.41, 15
4006.50, 165.81, 15
13775.50, 174.77, 15
8790.25, 494.05, 33
207.50, 15.19, 15
491.25, 186.56, 15
14543.50, 15.56, 23
10959.50, 192.88, 15
4008.25, 201.52, 15
6764.75, 124.06, 32
15183.50, 19.58, 26
3791.50, 19.95, 26
693.75, 218.83, 15
710.50, 220.08, 15
730.00, 221.31, 15
748.25, 222.48, 15
773.00, 223.72, 15
792.50, 224.92, 15
817.00, 226.25, 15
840.50, 227.41, 15
871.25, 228.72, 15
898.00, 229.91, 15
927.75, 231.08, 15
961.50, 232.34, 15
997.50, 233.53, 15
1039.00, 234.80, 15
1084.00, 236.02, 15
1130.50, 237.27, 15
1183.75, 238.47, 15
1244.25, 239.72, 15
1312.00, 240.94, 15
3973.25, 290.16, 15
13727.00, 78.19, 17
1612.50, 251.75, 10
1120.00, 255.45, 15
3768.00, 260.64, 15
3758.75, 264.45, 15
4279.50, 265.70, 15
4494.00, 266.95, 15
4548.50, 268.23, 15
4592.50, 269.50, 15
4554.50, 270.78, 15
8746.75, 124.06, 15
35.25, 4.55, 34
10304.50, 277.05, 15
0.00, 289.80, 9
15817.50, 147.39, 9
9801.50, 151.33, 35
9231.75, 124.58, 31
0.00, 299.97, 0
4959.50, 293.53, 15
4999.75, 294.81, 15
5094.75, 296.08, 15
5139.75, 297.34, 15
0.00, 306.36, 0
0.00, 307.64, 0
0.00, 308.92, 0
0.00, 310.19, 0
128.00, 316.55, 0
10415.25, 4.92, 0
8028.00, 320.20, 12
3520.50, 331.88, 0
6996.50, 92.86, 50
13004.50, 333.02, 13
2496.50, 341.95, 13
36.25, 124.78, 16
3240.75, 10.05, 13
6512.75, 15.14, 54
608.25, 124.70, 15
895.75, 125.42, 15
4014.50, 30.56, 16
1266.75, 125.34, 4
0.00, 48.47, 0
79.50, 43.44, 15
16192.50, 1.41, 0
0.00, 61.23, 0
0.00, 62.52, 0
0.00, 63.80, 0
3968.00, 66.33, 0
128.00, 0.30, 59
2504.75, 67.84, 15
2471.00, 70.38, 15
3977.50, 88.28, 15
2408.50, 81.91, 61
1900.00, 83.31, 15
3974.75, 84.62, 15
3983.50, 54.75, 10
1879.75, 92.25, 15
6114.00, 93.47, 15
3153.75, 124.22, 57
1420.00, 107.78, 15
1349.75, 109.09, 15
1292.75, 110.38, 15
1237.75, 111.72, 15
1187.75, 113.08, 15
1141.00, 114.34, 15
1098.50, 115.70, 15
1056.00, 117.06, 15
1023.25, 118.38, 15
992.25, 119.70, 15
964.75, 120.97, 15
932.50, 122.34, 15
909.50, 123.53, 15
888.25, 124.86, 15
864.25, 126.20, 15
844.50, 127.55, 15
825.75, 128.84, 15
807.25, 130.14, 15
789.00, 131.48, 15
772.25, 132.89, 15
760.50, 134.17, 15
747.00, 135.47, 15
733.00, 136.69, 15
721.50, 138.00, 15
710.50, 139.41, 15
688.75, 142.02, 15
546.50, 146.28, 15
531.50, 149.05, 15
2767.50, 155.55, 15
5169.25, 159.42, 15
493.25, 161.89, 15
490.25, 163.23, 15
490.25, 164.62, 15
486.75, 165.84, 15
9935.50, 168.58, 15
483.00, 174.92, 15
4001.50, 176.20, 15
486.00, 181.42, 15
487.25, 183.81, 15
489.75, 184.94, 15
492.75, 186.36, 15
495.25, 187.48, 15
498.50, 188.83, 15
501.75, 190.20, 15
506.00, 191.48, 15
509.50, 192.70, 15
515.00, 193.86, 15
520.25, 194.98, 15
3970.00, 106.23, 15
547.00, 199.98, 15
653.50, 214.97, 15
3996.25, 221.22, 15
13903.50, 27.30, 15
967.75, 232.17, 15
1332.25, 240.67, 15
6863.50, 50.42, 15
3468.75, 456.25, 21
14031.50, 118.00, 15
8658.25, 124.55, 6
8699.25, 124.55, 38
4590.50, 274.39, 12
4582.50, 276.84, 13
9062.25, 60.33, 0
975.50, 150.91, 35
0.00, 298.50, 0
5201.00, 297.16, 15
0.00, 306.20, 0
4800.50, 310.03, 0
128.00, 318.95, 0
588.50, 1.33, 0
3456.00, 336.83, 0
7340.50, 335.41, 10
7325.00, 336.70, 10
7233.75, 337.97, 12
7238.75, 339.25, 12
7140.00, 340.52, 14
7169.25, 341.80, 13
0.00, 350.88, 0
0.00, 352.14, 0
0.00, 353.42, 0
0.00, 354.73, 0
6987.25, 348.22, 12
6959.25, 349.50, 13
6940.75, 352.06, 11
6978.00, 353.33, 12
15567.50, 219.08, 13
3661.50, 357.17, 14
6940.75, 359.72, 14
6945.50, 0.98, 12
6978.00, 2.27, 13
0.00, 11.33, 0
0.00, 12.62, 0
0.00, 13.89, 0
0.00, 15.17, 0
7062.75, 8.66, 13
7140.00, 9.94, 11
7154.50, 11.20, 13
7091.50, 12.48, 11
6316.25, 15.05, 13
5656.75, 16.34, 15
5430.75, 18.92, 15
688.25, 124.20, 15
4463.50, 25.36, 15
4284.75, 26.66, 15
4157.50, 27.94, 15
4019.00, 29.23, 15
3942.00, 34.41, 15
3960.00, 35.67, 15
3004.25, 36.95, 15
3659.25, 40.81, 9
3514.75, 42.12, 15
3540.75, 43.41, 15
3567.25, 44.67, 15
0.00, 53.53, 0
0.00, 54.81, 0
3649.00, 48.50, 11
1877.25, 57.38, 0
8640.50, 62.50, 0
11727.50, 79.97, 7
3985.75, 63.98, 7
2478.50, 69.11, 15
3977.50, 48.97, 15
6479.50, 59.09, 11
2014.25, 99.81, 15
5071.25, 124.17, 56
3579.75, 124.14, 13
1103.50, 114.47, 15
14671.50, 121.06, 15
810.50, 124.09, 19
8399.50, 130.23, 15
4342.75, 23.91, 16
3970.75, 124.08, 33
3970.00, 143.89, 15
518.25, 153.02, 15
514.25, 154.30, 15
510.75, 155.69, 15
13391.50, 15.72, 15
496.00, 162.19, 15
494.00, 163.59, 15
491.75, 164.75, 15
6735.50, 166.17, 15
5606.75, 124.05, 15
488.50, 177.67, 15
490.25, 180.06, 15
3973.75, 124.05, 45
4175.50, 15.80, 23
519.00, 192.92, 15
530.75, 195.44, 15
536.75, 196.73, 15
549.75, 199.19, 15
6451.25, 124.55, 15
574.25, 203.02, 15
581.75, 204.09, 15
589.25, 205.39, 15
596.25, 206.61, 15
605.00, 208.05, 15
614.75, 209.19, 15
622.00, 210.50, 15
631.75, 211.66, 15
641.75, 212.91, 15
654.25, 214.19, 15
667.25, 215.39, 15
680.25, 216.64, 15
696.50, 217.89, 15
712.00, 219.14, 15
729.75, 220.47, 15
748.25, 221.58, 15
770.50, 222.88, 15
791.25, 224.06, 15
817.25, 225.28, 15
839.50, 226.55, 15
6237.00, 478.11, 3
1094.25, 235.09, 15
1141.50, 236.36, 15
1195.50, 237.55, 15
1260.75, 238.83, 15
1327.50, 240.02, 15
1402.00, 241.23, 15
1473.50, 242.42, 15
1541.50, 243.70, 15
14028.50, 247.36, 15
3728.00, 252.89, 10
8191.25, 125.38, 11
3872.25, 258.52, 15
8801.75, 84.55, 48
4584.50, 276.31, 12
0.00, 285.28, 0
0.00, 286.56, 0
2176.00, 289.12, 0
128.00, 124.58, 20
5122.25, 295.89, 0
9825.75, 4.72, 15
0.00, 309.61, 0
192.50, 1.69, 8
10399.25, 4.41, 0
10354.75, 93.06, 15
0.00, 333.97, 0
2719.50, 93.00, 59
7991.25, 335.12, 12
3217.00, 341.53, 13
11216.75, 115.97, 10
0.00, 4.73, 0
7477.00, 359.48, 12
15566.50, 3.34, 13
7756.50, 12.33, 11
4980.75, 21.41, 15
767.75, 124.69, 15
809.25, 124.55, 46
3663.50, 27.88, 15
3873.75, 34.30, 15
3902.50, 35.61, 15
4019.00, 36.89, 15
0.00, 45.80, 0
3807.75, 39.47, 15
3722.75, 40.77, 8
3510.25, 42.06, 15
3492.75, 43.36, 15
3543.25, 44.62, 15
3563.50, 45.94, 15
0.00, 54.80, 0
3519.50, 51.06, 9
1716.25, 77.92, 0
2497.75, 60.16, 15
2006.75, 125.44, 15
2525.00, 63.97, 15
2513.75, 66.55, 15
2480.25, 67.83, 15
2480.75, 69.12, 15
2462.75, 70.42, 15
2461.75, 71.69, 15
2453.25, 72.97, 15
2416.25, 75.55, 15
2418.00, 78.83, 15
2418.00, 79.38, 15
1879.50, 82.12, 15
1731.75, 83.44, 15
3980.50, 87.20, 15
3075.75, 124.22, 52
4687.50, 60.36, 12
1686.00, 103.88, 15
1602.00, 105.20, 15
13325.25, 106.61, 15
1216.25, 111.88, 15
1126.50, 114.45, 15
1090.50, 115.83, 15
3992.75, 117.19, 15
8783.50, 28.33, 15
4088.75, 124.09, 15
804.25, 130.39, 15
3023.50, 24.20, 16
3999.75, 136.98, 15
554.25, 146.58, 15
541.50, 149.03, 15
4502.50, 150.36, 15
14415.50, 153.17, 15
514.50, 156.95, 15
512.50, 158.42, 15
508.25, 159.66, 15
506.25, 160.92, 15
501.00, 163.47, 15
4815.50, 166.00, 15
4014.75, 174.95, 15
335.50, 15.38, 15
6172.75, 124.16, 15
553.50, 199.05, 15
562.25, 200.36, 15
569.50, 201.47, 15
577.25, 202.70, 15
582.75, 204.02, 15
590.75, 205.22, 15
599.25, 206.45, 15
606.50, 207.78, 15
614.00, 208.95, 15
623.75, 210.22, 15
634.00, 211.61, 15
645.00, 212.72, 15
654.50, 213.95, 15
666.75, 215.17, 15
681.25, 216.42, 15
698.50, 217.59, 15
710.50, 218.95, 15
7064.50, 220.19, 15
9295.50, 24.59, 15
862.50, 227.47, 15
9935.50, 28.89, 28
990.50, 232.41, 15
1032.50, 233.61, 15
11343.50, 35.20, 29
9167.50, 55.70, 30
15175.50, 95.56, 15
3891.00, 258.20, 15
15264.75, 346.45, 12
3991.75, 267.12, 15
8670.75, 124.55, 10
15948.50, 281.19, 0
0.00, 284.91, 0
0.00, 286.17, 0
0.00, 287.45, 0
0.00, 288.72, 0
128.00, 1.12, 0
0.00, 292.53, 0
4822.50, 286.14, 13
4686.75, 287.41, 15
0.00, 296.36, 0
0.00, 297.64, 0
0.00, 300.19, 0
4928.50, 304.00, 0
12480.50, 305.20, 7
15552.50, 1.34, 0
0.00, 324.44, 0
180.75, 322.98, 10
38.75, 5.09, 41
3456.00, 339.75, 0
6991.50, 338.30, 15
8624.25, 342.12, 15
128.00, 352.50, 0
8477.25, 349.81, 15
8388.75, 356.20, 12
8342.00, 1.30, 11
8422.75, 2.56, 12
0.00, 11.67, 0
0.00, 12.95, 0
8674.25, 6.41, 12
0.00, 15.50, 0
0.00, 16.78, 0
8034.25, 10.25, 12
7466.25, 11.53, 10
6936.25, 12.83, 11
0.00, 21.89, 0
5839.50, 193.41, 14
14958.25, 20.55, 15
4686.75, 23.14, 15
4115.25, 28.27, 15
1191.75, 124.70, 15
3968.00, 46.16, 0
181.25, 46.23, 15
2576.00, 59.14, 15
2515.50, 60.41, 15
2558.75, 61.66, 15
2553.75, 62.95, 15
2532.25, 64.25, 15
2137.25, 65.50, 15
2178.75, 124.30, 16
2260.25, 125.34, 15
2444.75, 71.89, 15
8271.50, 74.45, 15
2255.50, 75.66, 9
2877.25, 124.22, 23
2918.25, 124.22, 21
2957.75, 124.22, 17
3719.25, 100.02, 15
1529.00, 105.34, 15
3972.50, 81.94, 15
3971.25, 123.88, 15
801.75, 130.30, 15
8527.50, 131.70, 15
13391.50, 24.16, 16
733.25, 136.92, 15
12751.50, 22.23, 15
554.75, 146.47, 15
548.75, 147.73, 15
542.00, 148.91, 15
538.50, 150.34, 15
532.50, 151.73, 15
529.75, 152.92, 15
526.50, 154.06, 15
522.50, 155.47, 15
518.75, 156.72, 15
515.25, 158.02, 15
512.50, 159.34, 15
5226.75, 124.88, 15
13844.50, 446.05, 57
975.50, 169.88, 15
12367.50, 15.55, 21
499.50, 178.66, 15
13462.50, 282.02, 15
5924.75, 124.05, 15
509.00, 186.20, 15
510.75, 187.67, 15
514.00, 188.94, 15
518.75, 190.09, 15
523.50, 191.20, 15
528.00, 192.64, 15
8783.50, 17.92, 15
13007.50, 17.08, 24
559.50, 198.88, 15
567.00, 199.95, 15
574.75, 201.41, 15
581.25, 202.48, 15
589.00, 203.92, 15
597.00, 204.98, 15
604.25, 206.28, 15
613.00, 207.48, 15
620.75, 208.83, 15
630.50, 209.98, 15
640.75, 211.34, 15
649.50, 212.55, 15
662.00, 213.88, 15
675.50, 215.06, 15
6959.75, 216.27, 15
6999.25, 124.08, 0
821.00, 224.94, 15
847.75, 226.08, 15
873.00, 227.34, 15
902.75, 228.50, 15
933.50, 229.78, 15
11983.50, 231.05, 15
4016.50, 239.55, 15
975.50, 61.67, 15
3855.50, 130.17, 31
4026.25, 256.77, 15
3760.00, 263.19, 15
4562.50, 270.80, 15
4582.50, 272.06, 15
448.50, 275.81, 14
36.00, 155.33, 0
3976.00, 284.75, 8
11072.50, 0.80, 0
5216.75, 296.19, 15
0.00, 307.75, 0
9930.25, 5.02, 0
4518.00, 311.58, 0
128.00, 316.69, 0
13248.50, 323.06, 0
6475.50, 324.22, 10
42.00, 299.06, 30
9674.50, 261.94, 11
5708.50, 342.12, 12
3200.00, 1.38, 30
7788.75, 353.70, 12
3751.00, 354.97, 13
7765.75, 0.09, 12
4172.50, 3.92, 13
0.00, 18.16, 0
7233.75, 11.62, 13
6886.00, 12.92, 12
6444.50, 14.22, 13
6607.50, 193.50, 15
5540.00, 18.08, 15
5301.25, 19.39, 15
10447.50, 150.67, 15
4503.75, 24.55, 15
4352.25, 25.86, 15
4245.00, 27.12, 15
4107.00, 28.42, 15
3975.00, 29.70, 15
3893.75, 31.02, 15
3895.25, 33.56, 15
3703.00, 40.00, 15
3578.25, 46.42, 15
0.00, 56.56, 0
1892.25, 57.84, 0
12495.50, 82.86, 15
10191.50, 80.44, 7
2519.00, 65.80, 15
2504.75, 67.08, 15
2484.75, 68.36, 15
2454.25, 70.92, 15
3977.50, 2.20, 15
10959.50, 75.86, 9
1730.50, 81.39, 15
1749.50, 82.69, 15
1981.25, 83.80, 15
1870.00, 85.11, 15
2807.25, 124.45, 15
2846.75, 124.22, 11
8686.25, 100.42, 15
8911.50, 47.62, 15
3595.25, 111.02, 15
1019.75, 118.97, 15
956.75, 120.31, 15
13391.50, 122.92, 15
4104.25, 27.56, 15
5967.50, 132.14, 15
3970.75, 138.77, 15
696.25, 142.72, 15
685.25, 143.88, 15
564.50, 145.64, 15
557.50, 147.06, 15
549.75, 148.42, 15
543.25, 149.52, 15
538.50, 151.03, 15
533.75, 152.20, 15
525.75, 154.77, 15
519.00, 156.19, 15
515.25, 158.77, 15
512.00, 160.17, 15
510.75, 161.30, 15
508.25, 162.55, 15
505.50, 163.91, 15
504.25, 165.11, 15
503.25, 166.58, 15
4017.75, 171.75, 15
5698.75, 124.05, 49
4013.75, 124.05, 50
501.75, 181.81, 15
501.25, 183.08, 15
503.50, 184.42, 15
10191.50, 16.61, 15
538.00, 195.84, 15
557.75, 199.62, 15
565.50, 200.81, 15
572.00, 201.94, 15
580.25, 203.12, 15
587.00, 204.41, 15
595.00, 205.67, 15
601.75, 206.94, 15
609.75, 208.17, 15
616.50, 209.56, 15
627.00, 210.83, 15
636.25, 211.84, 15
646.25, 213.19, 15
657.75, 214.45, 15
670.50, 215.75, 15
3136.75, 223.11, 15
812.50, 225.48, 15
463.50, 226.77, 15
914.25, 231.77, 28
1103.50, 31.64, 15
5583.50, 240.25, 15
1589.25, 245.16, 5
6223.50, 58.50, 15
2949.75, 251.09, 9
3875.25, 259.91, 15
6735.50, 266.27, 10
8684.25, 141.95, 33
145.75, 92.55, 48
0.00, 286.59, 0
0.00, 289.14, 0
2211.75, 282.73, 10
4789.50, 287.83, 15
9537.75, 5.09, 15
5839.50, 159.88, 0
5258.75, 297.95, 15
0.00, 306.97, 0
5753.25, 300.50, 7
0.00, 310.80, 0
6156.25, 312.06, 0
9536.50, 306.86, 8
10353.25, 4.98, 0
0.00, 326.08, 0
0.00, 332.48, 0
8972.00, 327.20, 9
11584.50, 331.03, 11
4300.50, 339.97, 11
8302.25, 346.31, 10
8302.25, 347.58, 10
8172.50, 348.86, 9
8236.75, 350.14, 11
8308.75, 355.23, 10
8256.25, 356.50, 11
0.00, 9.41, 0
8450.00, 2.86, 12
8402.25, 4.14, 12
0.00, 13.22, 0
6683.50, 14.38, 11
6163.50, 15.69, 15
6060.00, 16.95, 15
5684.50, 18.23, 15
5456.25, 19.52, 15
5227.00, 20.83, 15
5583.50, 148.08, 15
4322.00, 27.23, 15
4195.75, 28.53, 15
4054.75, 29.81, 15
3934.75, 31.09, 15
3990.00, 33.67, 15
3939.00, 37.47, 15
1280.25, 124.47, 15
3503.25, 43.86, 15
3537.25, 46.41, 15
16071.75, 80.19, 7
2535.50, 64.38, 15
7887.50, 65.67, 15
6479.50, 77.31, 8
3984.75, 73.31, 15
0.00, 87.09, 15
0.00, 88.38, 15
1904.25, 82.38, 15
1839.25, 83.62, 15
4030.50, 84.92, 15
1911.75, 96.22, 46
3243.75, 124.84, 15
1867.50, 102.70, 15
1738.50, 103.97, 15
1194.00, 113.23, 15
1153.75, 114.53, 15
1114.25, 115.91, 15
1074.50, 117.23, 15
3836.25, 124.53, 15
7505.25, 22.86, 15
9423.50, 141.95, 15
535.75, 151.56, 15
4928.75, 152.95, 15
516.25, 158.11, 15
3968.25, 159.47, 15
3969.75, 457.94, 15
500.25, 165.73, 15
498.75, 167.12, 15
497.00, 168.39, 15
496.50, 169.75, 15
496.25, 170.98, 15
495.00, 172.05, 15
6607.50, 15.31, 15
12054.00, 362.05, 47
496.25, 178.58, 15
5797.75, 124.05, 15
498.50, 182.33, 15
501.50, 183.59, 15
506.25, 184.97, 15
14159.50, 187.47, 15
2968.00, 16.08, 23
463.50, 17.45, 15
548.25, 197.28, 15
553.75, 198.53, 15
560.25, 199.84, 15
567.25, 201.03, 15
575.00, 202.34, 15
582.00, 203.53, 15
3970.25, 204.78, 15
612.50, 208.53, 15
623.25, 209.72, 15
632.00, 210.86, 15
640.25, 212.14, 15
2127.50, 21.56, 15
1435.75, 290.08, 31
795.25, 224.45, 15
817.25, 225.67, 15
840.25, 226.88, 15
867.50, 228.03, 15
898.50, 229.34, 15
927.50, 230.56, 15
960.50, 231.77, 15
993.75, 232.98, 15
1038.50, 234.22, 15
1081.75, 235.45, 15
1128.00, 236.61, 15
1183.50, 237.81, 15
1244.25, 239.00, 15
1319.25, 240.28, 15
606.25, 241.44, 15
1554.25, 243.86, 15
2508.50, 97.84, 7
4314.75, 254.77, 15
9807.50, 258.62, 15
3976.50, 268.75, 15
3473.75, 124.55, 10
0.00, 287.27, 0
5448.50, 147.80, 0
0.00, 299.22, 0
0.00, 301.75, 0
5142.25, 295.30, 15
1088.50, 305.56, 0
10063.75, 4.77, 0
0.00, 317.02, 0
11328.50, 0.83, 0
10429.25, 4.64, 0
8835.50, 324.50, 12
8115.25, 333.44, 11
10315.50, 248.39, 8
7894.75, 339.80, 13
1612.50, 245.61, 13
7841.50, 348.72, 11
93.25, 4.55, 11
7823.75, 357.66, 13
206.50, 247.47, 11
5632.75, 147.41, 0
11471.50, 174.81, 14
10319.50, 151.67, 2
4517.25, 24.53, 15
4381.50, 25.81, 15
4238.00, 27.11, 15
13647.50, 128.84, 3
3859.50, 32.22, 15
3869.50, 33.50, 15
3892.50, 34.80, 15
3912.75, 36.08, 15
4070.50, 37.34, 15
0.00, 46.25, 0
3737.25, 39.94, 15
3575.75, 41.22, 15
3473.25, 42.50, 15
3539.75, 45.05, 15
3571.00, 46.31, 15
0.00, 55.19, 0
0.00, 56.47, 0
12751.50, 49.92, 9
2682.50, 54.11, 10
3978.50, 59.27, 15
9039.50, 79.11, 7
2526.25, 64.39, 15
2497.25, 66.92, 15
2224.25, 124.23, 15
2452.50, 70.80, 15
10959.50, 76.05, 15
3791.50, 75.67, 9
2002.75, 88.41, 14
1838.00, 83.69, 15
1864.25, 89.50, 15
1857.75, 90.09, 15
1887.50, 92.62, 15
12747.75, 303.86, 15
3291.75, 124.22, 52
1689.25, 104.17, 15
1592.50, 105.48, 15
1453.50, 106.88, 15
1384.25, 108.17, 15
1321.50, 109.48, 15
1103.50, 110.83, 15
3972.25, 276.44, 4
4020.50, 118.78, 15
837.50, 127.92, 15
803.25, 130.61, 15
9807.50, 134.53, 15
7247.50, 17.67, 15
539.00, 149.42, 15
14927.50, 17.39, 15
494.50, 167.48, 15
493.25, 168.69, 15
491.75, 170.12, 15
4011.50, 171.47, 15
10063.50, 15.33, 21
3969.75, 124.05, 42
495.50, 182.97, 15
499.50, 184.00, 15
6057.75, 124.83, 15
511.75, 190.48, 15
515.25, 191.58, 15
519.00, 193.12, 15
525.00, 194.33, 15
531.00, 195.44, 15
536.25, 196.69, 15
3970.00, 198.00, 15
6573.25, 124.06, 15
3970.25, 352.06, 25
717.00, 220.30, 15
3279.50, 224.02, 15
7518.25, 124.11, 5
12317.50, 366.19, 15
1485.00, 242.22, 15
3991.25, 244.67, 15
2142.00, 249.58, 15
2832.75, 250.66, 12
8098.75, 251.88, 11
3909.75, 258.19, 15
3875.25, 259.45, 15
3768.00, 260.77, 15
3770.75, 262.03, 15
3780.25, 263.31, 15
4439.50, 264.56, 15
4003.25, 267.08, 15
9058.00, 116.55, 8
0.00, 283.56, 0
35.75, 277.16, 13
1867.50, 147.67, 13
3968.00, 0.03, 9
4770.00, 291.11, 11
14528.50, 297.44, 15
6297.25, 306.38, 9
0.00, 315.41, 0
0.00, 316.69, 0
0.00, 317.95, 0
0.00, 319.23, 0
0.00, 320.50, 0
0.00, 321.78, 0
0.00, 323.05, 0
0.00, 324.33, 0
0.00, 325.59, 0
0.00, 326.88, 0
8015.75, 320.33, 15
8147.00, 321.59, 13
8368.75, 322.92, 15
8243.25, 324.22, 15
8147.00, 325.48, 14
8071.50, 326.77, 15
7948.75, 328.05, 15
7979.00, 329.31, 15
7835.50, 330.59, 15
7777.25, 331.88, 15
7708.50, 333.14, 14
0.00, 342.23, 0
7657.75, 335.69, 13
7525.25, 336.98, 14
7509.25, 338.25, 14
7514.50, 339.53, 12
7471.50, 340.81, 13
7418.50, 343.38, 13
7371.50, 344.64, 12
7314.75, 345.92, 11
7413.25, 347.19, 12
299.50, 446.45, 9
7402.75, 356.11, 12
329.25, 5.94, 13
7547.00, 5.03, 13
3485.50, 400.31, 13
6248.75, 108.83, 15
5791.50, 17.84, 15
5525.25, 19.12, 15
5312.00, 20.42, 15
4836.00, 21.70, 15
4645.25, 24.28, 15
4490.25, 25.56, 15
11727.50, 131.53, 3
3991.50, 30.70, 15
3983.00, 350.12, 15
11215.50, 109.94, 5
1805.75, 124.31, 6
2581.75, 58.94, 15
2544.00, 124.30, 16
15439.50, 65.28, 15
7305.75, 75.11, 9
10831.50, 58.00, 0
1845.50, 85.83, 15
1359.50, 89.64, 15
1936.75, 124.22, 47
4008.50, 101.00, 15
3527.25, 125.59, 15
3737.75, 124.12, 15
16335.50, 29.44, 15
10447.50, 27.28, 15
782.50, 132.67, 15
717.50, 139.14, 15
705.75, 140.42, 15
695.50, 141.70, 15
686.75, 142.95, 15
3970.50, 144.28, 15
8527.50, 152.52, 15
14031.50, 15.67, 15
5214.25, 124.05, 50
492.00, 165.52, 15
490.00, 168.16, 15
5463.75, 169.28, 15
488.50, 171.83, 15
487.25, 173.20, 15
487.25, 174.53, 15
486.75, 175.77, 15
486.75, 177.06, 15
488.75, 178.20, 15
489.75, 179.59, 15
489.50, 180.92, 15
490.00, 182.11, 15
4013.50, 184.48, 15
502.50, 189.52, 15
506.75, 191.03, 15
511.00, 192.27, 15
521.00, 194.69, 15
532.50, 197.00, 15
4015.25, 202.05, 15
605.00, 209.55, 15
614.25, 210.83, 15
657.25, 215.62, 15
3970.50, 332.95, 15
730.75, 221.84, 15
748.75, 223.03, 15
770.25, 224.20, 15
791.00, 225.41, 15
7280.50, 226.70, 15
999.50, 233.97, 3
1135.00, 237.67, 15
1185.25, 238.88, 15
1251.75, 240.00, 15
1327.00, 241.27, 15
1404.50, 242.50, 15
1494.25, 243.67, 15
3974.50, 88.95, 15
2160.00, 249.73, 15
14543.50, 133.56, 14
5326.50, 118.12, 15
158.75, 100.55, 36
4578.50, 275.94, 12
2251.50, 287.44, 0
4807.25, 287.33, 14
4742.00, 288.61, 15
7631.50, 156.98, 15
9518.25, 124.19, 15
0.00, 306.62, 61
0.00, 309.03, 0
0.00, 310.30, 0
0.00, 311.56, 0
6163.50, 305.08, 7
6401.25, 306.33, 12
0.00, 315.38, 0
0.00, 316.64, 0
0.00, 317.91, 0
0.00, 319.17, 0
0.00, 320.45, 0
0.00, 321.70, 0
0.00, 322.98, 0
10416.75, 4.25, 0
8077.75, 318.97, 11
8059.00, 320.25, 13
3996.75, 321.50, 14
8022.00, 326.67, 11
8526.50, 330.48, 13
2511.50, 241.06, 41
7382.00, 339.39, 12
14540.50, 343.22, 12
7376.75, 354.73, 11
7413.25, 358.55, 11
35.25, 101.81, 12
76.25, 100.89, 58
7574.50, 6.19, 13
7657.75, 7.45, 13
7806.25, 8.73, 12
7823.75, 10.00, 11
0.00, 19.12, 0
7029.50, 12.61, 10
9804.50, 210.47, 13
568.75, 124.75, 36
5399.75, 19.06, 15
5137.25, 20.34, 15
4940.75, 21.64, 15
10051.00, 58.92, 15
11343.50, 130.02, 3
3901.00, 30.64, 15
3983.25, 152.52, 15
3989.25, 39.64, 15
3552.75, 44.78, 13
3968.00, 56.20, 0
3977.75, 62.80, 15
2468.50, 67.97, 15
2442.50, 71.78, 15
9295.50, 74.36, 15
2547.25, 54.47, 9
1832.25, 83.42, 15
13642.50, 510.72, 15
3119.75, 124.22, 46
3159.75, 124.22, 39
4012.25, 106.64, 15
4815.50, 41.12, 13
1206.25, 111.97, 15
15823.50, 113.19, 15
3992.75, 122.44, 15
3980.75, 131.69, 15
4592.75, 125.62, 17
544.50, 147.80, 15
536.75, 149.20, 15
531.50, 150.64, 15
451.00, 154.64, 15
508.25, 157.00, 15
13651.75, 418.41, 15
499.25, 160.88, 15
493.50, 163.72, 15
10900.75, 22.89, 15
489.00, 167.59, 15
487.50, 168.67, 15
486.75, 170.03, 15
486.00, 171.48, 15
484.50, 172.81, 15
483.50, 174.06, 15
484.50, 175.23, 15
484.50, 176.61, 15
486.25, 177.69, 15
7759.50, 180.34, 15
490.25, 184.14, 15
3969.75, 363.58, 15
506.50, 191.83, 15
510.50, 193.00, 15
515.00, 194.31, 15
520.75, 195.52, 15
526.75, 196.89, 15
532.75, 198.09, 15
541.25, 199.22, 15
546.75, 200.61, 15
552.25, 201.94, 15
560.00, 203.12, 15
570.00, 204.22, 15
577.25, 205.48, 15
583.75, 206.81, 15
591.50, 208.11, 15
601.50, 209.22, 15
607.50, 210.45, 15
619.50, 211.70, 15
627.75, 212.98, 15
638.75, 214.25, 15
648.75, 215.61, 15
663.25, 216.70, 15
677.25, 218.06, 15
690.25, 219.20, 15
705.50, 220.56, 15
722.25, 221.67, 15
744.50, 223.02, 15
761.75, 224.22, 15
785.25, 225.47, 15
804.25, 226.70, 15
857.50, 229.09, 15
952.00, 230.36, 15
4019.00, 232.80, 15
7643.75, 124.12, 31
3994.50, 241.34, 15
15823.50, 131.53, 13
3800.75, 261.06, 15
3991.50, 264.91, 15
2253.50, 281.48, 0
4649.50, 277.53, 13
5322.50, 280.08, 10
0.00, 292.88, 0
0.00, 294.16, 0
9248.75, 125.73, 15
4901.50, 291.56, 18
4011.75, 295.36, 15
128.00, 309.50, 0
6448.50, 306.84, 10
8128.50, 318.44, 0
1101.50, 319.56, 12
0.00, 332.52, 29
3743.00, 328.55, 13
7758.50, 218.34, 41
3256.50, 337.50, 12
6954.75, 342.83, 24
2368.50, 1.67, 0
6899.50, 349.05, 12
11853.50, 214.89, 12
390.25, 5.84, 12
0.00, 14.75, 0
11339.50, 234.78, 11
510.75, 101.47, 1
5402.50, 19.83, 15
3407.50, 21.11, 15
2255.50, 141.22, 15
3993.00, 30.16, 15
3895.25, 31.45, 15
3881.00, 32.70, 15
3882.25, 34.00, 15
3883.75, 35.31, 15
3927.25, 36.58, 15
3994.50, 37.86, 15
0.00, 46.77, 0
3749.25, 40.45, 15
8655.50, 41.75, 15
0.00, 57.02, 0
2755.25, 52.09, 15
3978.25, 55.95, 15
2562.50, 61.00, 15
2536.00, 62.31, 15
6991.50, 79.56, 14
2158.75, 124.16, 15
2449.25, 71.25, 15
2432.25, 72.56, 15
2423.50, 73.81, 15
1767.75, 75.34, 15
1854.50, 77.84, 15
1837.25, 80.39, 15
9384.50, 81.67, 15
4016.50, 84.05, 15
2980.25, 124.22, 15
3102.75, 124.22, 16
1951.50, 101.98, 15
1827.75, 103.33, 15
1400.00, 108.64, 15
1012.75, 119.20, 15
951.75, 121.81, 15
927.00, 123.17, 15
897.50, 124.50, 15
876.00, 125.80, 15
4109.75, 125.12, 15
3970.75, 135.06, 15
682.75, 124.08, 1
3970.50, 144.17, 15
543.00, 149.67, 15
524.75, 153.64, 15
520.25, 154.89, 15
515.50, 156.20, 15
511.75, 157.66, 15
3969.75, 159.06, 15
5211.25, 125.58, 15
11889.50, 164.00, 15
10703.50, 166.78, 15
10005.25, 506.05, 42
488.25, 173.02, 15
487.50, 175.72, 15
871.00, 177.05, 15
5711.50, 182.20, 15
502.25, 190.81, 15
508.75, 193.47, 15
3979.00, 197.36, 15
541.75, 201.05, 15
549.00, 202.08, 15
557.00, 203.31, 15
564.25, 204.66, 15
572.00, 206.00, 15
580.00, 207.14, 15
586.25, 208.41, 15
595.50, 209.66, 15
9434.50, 34.92, 15
3970.75, 223.19, 15
1046.50, 236.69, 15
1096.00, 237.91, 15
4022.25, 239.08, 15
3973.00, 506.94, 4
4050.00, 254.78, 11
3838.25, 261.17, 15
8439.25, 262.45, 15
8763.75, 124.55, 52
4588.50, 276.27, 15
0.00, 294.11, 0
4945.50, 287.69, 11
4765.75, 288.95, 15
8484.25, 382.22, 15
3987.25, 292.77, 15
128.00, 309.38, 0
6720.50, 318.27, 0
15565.50, 327.16, 0
7871.00, 323.16, 13
7924.75, 324.42, 12
0.00, 333.52, 0
0.00, 334.78, 0
0.00, 336.05, 0
7613.00, 329.53, 13
7450.25, 330.80, 13
7466.25, 332.06, 13
7402.75, 333.34, 12
7397.50, 334.61, 11
7345.50, 335.88, 11
7325.00, 337.16, 12
7299.50, 338.42, 11
7264.00, 339.69, 12
7274.00, 340.95, 10
7228.75, 342.23, 12
0.00, 351.30, 0
7223.75, 344.77, 11
7258.75, 346.05, 8
7304.50, 347.36, 15
7264.00, 348.62, 12
7258.75, 349.91, 12
7350.75, 352.44, 12
7340.50, 353.72, 12
7434.25, 354.98, 12
7397.50, 356.27, 12
7408.00, 357.53, 10
7482.25, 358.80, 12
7439.75, 0.06, 12
7530.75, 1.34, 13
7596.50, 2.61, 13
7569.00, 3.89, 14
7841.50, 5.14, 13
7829.75, 6.42, 13
7906.75, 7.69, 11
8015.75, 8.97, 11
7906.75, 10.22, 9
7503.75, 11.50, 11
7058.00, 12.78, 11
6670.75, 14.08, 12
6255.75, 15.34, 12
5840.00, 16.64, 15
5653.75, 17.92, 15
5413.75, 19.20, 15
5119.75, 20.47, 15
4913.00, 21.78, 15
4712.00, 23.06, 15
4531.00, 24.33, 15
4401.75, 25.59, 14
4272.50, 26.91, 15
4154.25, 28.17, 15
3994.50, 29.47, 15
3881.00, 30.72, 15
4010.25, 33.28, 15
6863.50, 108.27, 15
1722.75, 125.27, 14
3712.00, 60.22, 15
9551.50, 76.61, 15
2420.75, 71.70, 15
4023.25, 87.14, 15
1852.25, 90.98, 15
3663.50, 59.86, 15
1107.00, 114.41, 15
3535.50, 32.14, 14
4004.75, 121.05, 15
3971.00, 124.09, 11
759.00, 132.78, 15
12111.50, 22.12, 15
3999.75, 148.97, 15
79.50, 17.25, 15
4016.25, 167.00, 15
13135.50, 15.42, 21
4011.75, 176.16, 15
8015.50, 14.39, 15
5996.25, 124.05, 49
506.50, 188.77, 15
507.75, 190.14, 15
511.25, 191.16, 15
515.50, 192.59, 15
520.50, 193.72, 15
525.00, 194.98, 15
530.25, 196.33, 15
536.50, 197.44, 15
544.25, 198.84, 15
551.25, 199.95, 15
557.50, 201.17, 15
567.00, 202.56, 15
581.00, 205.05, 15
590.50, 206.31, 15
596.75, 207.61, 15
606.00, 208.73, 15
614.25, 210.03, 15
623.75, 211.33, 15
632.50, 212.39, 15
643.00, 213.77, 15
656.25, 214.86, 15
671.00, 216.12, 15
684.75, 217.33, 15
698.75, 218.70, 15
714.50, 219.84, 15
731.00, 221.14, 15
752.75, 222.38, 15
771.25, 223.55, 15
793.00, 224.89, 15
818.00, 226.08, 15
843.00, 227.25, 15
866.00, 228.56, 15
7503.50, 29.67, 15
7507.75, 124.11, 42
1088.25, 235.84, 15
1141.50, 237.08, 15
1197.50, 238.31, 15
1261.00, 239.50, 15
1336.25, 240.72, 15
1424.00, 241.88, 15
1509.50, 243.12, 15
1580.75, 244.34, 15
1686.50, 245.61, 15
1855.25, 246.78, 15
2184.25, 248.02, 15
0.00, 257.84, 0
0.00, 259.16, 0
591.50, 125.02, 31
4309.50, 256.62, 15
8911.50, 118.47, 32
4019.00, 265.56, 15
0.00, 141.77, 33
3985.75, 271.97, 15
4664.00, 277.00, 13
8986.75, 76.56, 63
0.00, 291.06, 0
14415.50, 149.94, 15
4992.50, 292.31, 15
5732.75, 293.56, 15
3648.50, 0.11, 15
0.00, 309.00, 0
128.00, 315.41, 0
2880.50, 1.80, 0
7558.00, 319.11, 14
10668.75, 4.83, 0
7072.25, 328.17, 12
10624.75, 116.84, 53
9574.00, 334.59, 14
10912.25, 108.83, 12
0.00, 351.34, 0
206.50, 215.44, 13
6877.00, 352.58, 13
9920.50, 0.64, 0
7439.75, 7.97, 11
6282.00, 14.42, 13
4568.50, 23.48, 15
3911.25, 29.95, 15
3905.50, 32.52, 15
3982.00, 38.97, 15
3544.50, 44.12, 13
3577.00, 45.42, 15
1778.75, 4.30, 0
2758.75, 50.67, 15
2680.50, 53.97, 15
9167.50, 82.53, 15
14791.25, 442.41, 15
2033.75, 124.30, 15
2482.00, 66.14, 15
2217.25, 67.42, 15
1751.50, 75.39, 15
9807.50, 57.66, 15
1827.50, 81.75, 15
1835.00, 83.03, 15
1841.75, 85.56, 15
4019.25, 86.88, 15
1675.25, 171.44, 15
4002.75, 100.89, 15
845.25, 104.95, 15
3973.00, 107.61, 15
3615.75, 125.56, 15
2255.50, 32.59, 14
3827.75, 124.11, 52
3871.25, 124.11, 20
812.00, 128.86, 15
796.00, 130.20, 15
782.00, 131.56, 15
767.50, 132.73, 15
751.50, 134.08, 15
5585.00, 135.38, 15
713.25, 138.09, 15
701.25, 139.36, 15
692.75, 140.78, 15
673.50, 142.06, 15
13647.50, 144.61, 15
545.25, 150.19, 15
3970.00, 181.58, 15
509.00, 163.45, 15
504.25, 165.78, 15
14159.50, 15.69, 15
498.75, 172.31, 15
499.00, 173.55, 15
498.25, 174.92, 15
498.00, 176.23, 15
497.75, 178.62, 15
5810.50, 180.06, 15
502.50, 185.30, 15
14551.25, 462.38, 15
6134.75, 124.05, 15
6205.75, 192.83, 15
527.75, 195.19, 15
530.50, 196.66, 15
537.25, 197.75, 15
542.50, 199.12, 15
549.25, 200.44, 15
558.00, 201.45, 15
564.00, 202.77, 15
571.75, 204.12, 15
2756.00, 205.30, 15
6726.75, 124.06, 27
13616.75, 124.06, 35
687.75, 218.97, 15
701.00, 220.22, 15
717.00, 221.39, 15
736.25, 222.62, 15
757.50, 223.89, 15
774.00, 225.09, 15
795.50, 226.36, 15
845.00, 229.55, 15
3535.50, 29.97, 15
1276.00, 241.05, 15
13007.50, 247.16, 15
12879.50, 253.09, 8
8260.25, 124.47, 17
4306.00, 259.39, 15
4002.25, 260.69, 15
3791.25, 261.98, 15
4576.50, 268.31, 15
4540.75, 100.55, 28
9423.50, 274.58, 15
8948.75, 141.70, 34
9071.25, 68.56, 11
14927.50, 147.58, 0
3987.75, 75.61, 15
0.00, 306.44, 0
12873.50, 312.78, 0
13888.50, 1.16, 0
0.00, 324.23, 0
7439.75, 322.84, 8
0.00, 331.92, 0
128.00, 333.19, 0
10576.25, 116.84, 20
3714.00, 334.33, 13
2893.50, 1.58, 0
11228.75, 107.97, 43
6940.75, 358.55, 13
6877.00, 359.80, 13
6922.50, 1.08, 14
7001.25, 2.36, 12
0.00, 11.42, 0
0.00, 12.69, 0
0.00, 13.97, 0
0.00, 15.23, 0
7294.25, 8.72, 11
7314.75, 9.98, 11
7423.75, 11.25, 11
719.50, 157.59, 2
771.75, 124.58, 31
3879.50, 33.06, 15
3876.50, 35.67, 15
3993.00, 36.94, 15
0.00, 45.83, 0
3802.25, 39.48, 15
3660.50, 40.78, 15
0.00, 49.66, 0
3505.50, 43.34, 15
3543.25, 45.89, 15
3599.00, 47.16, 15
0.00, 57.30, 0
3978.75, 51.11, 15
3978.00, 124.31, 8
2508.25, 65.19, 15
2166.25, 124.42, 15
1908.25, 76.80, 11
1839.25, 78.08, 15
1837.25, 79.38, 15
1841.00, 80.66, 15
1825.25, 81.94, 15
1837.50, 83.17, 15
2280.50, 84.30, 15
2255.50, 57.56, 15
4022.75, 90.80, 15
1615.50, 63.17, 15
1662.50, 104.88, 15
1428.00, 107.56, 15
1242.50, 111.53, 15
1190.50, 112.83, 15
1142.00, 114.17, 15
1098.75, 115.48, 15
1063.75, 116.80, 15
1029.50, 118.05, 15
992.75, 119.42, 15
962.25, 120.70, 15
934.50, 122.02, 15
3982.75, 123.44, 15
4371.75, 23.72, 16
3970.75, 24.53, 15
678.00, 143.03, 15
548.75, 149.97, 15
4881.25, 125.41, 15
521.50, 157.89, 15
518.50, 159.02, 15
514.50, 160.42, 15
510.75, 161.84, 15
509.25, 163.16, 15
506.75, 164.25, 15
503.75, 165.70, 15
504.25, 167.00, 15
502.25, 168.14, 15
500.75, 169.66, 15
501.00, 170.67, 15
500.25, 171.98, 15
500.00, 173.20, 15
498.75, 174.58, 15
499.00, 175.84, 15
500.25, 177.08, 15
14415.50, 178.38, 15
1487.50, 15.75, 15
3970.00, 192.45, 15
532.00, 196.19, 15
537.00, 197.59, 15
543.75, 198.69, 15
10959.50, 199.92, 15
579.50, 204.98, 15
596.75, 207.52, 15
661.25, 216.08, 15
7119.50, 222.45, 15
1083.50, 237.09, 15
1129.50, 238.31, 15
1188.00, 239.52, 15
1250.00, 240.73, 15
1406.00, 243.14, 15
1479.25, 244.42, 15
1562.00, 245.59, 15
3975.00, 246.89, 15
8167.25, 124.41, 11
1999.50, 261.67, 15
15585.25, 186.45, 16
4558.50, 274.55, 12
11212.50, 142.83, 15
2255.50, 1.42, 0
4845.00, 290.81, 15
5199.50, 156.31, 36
14317.75, 297.16, 15
10816.50, 310.03, 0
0.00, 312.58, 0
6350.75, 306.09, 9
6464.50, 307.36, 11
128.00, 316.41, 0
576.50, 321.52, 0
0.00, 334.31, 0
6987.25, 327.81, 13
6964.00, 329.08, 12
6854.50, 330.36, 12
6945.50, 331.64, 12
6814.25, 332.92, 13
6739.50, 334.20, 13
6757.00, 335.48, 13
6739.50, 336.75, 13
6700.75, 338.03, 13
6675.00, 339.31, 14
6649.50, 340.59, 13
6641.00, 341.88, 14
0.00, 350.92, 0
0.00, 353.47, 0
846.50, 349.55, 15
6918.00, 2.30, 13
0.00, 11.38, 0
0.00, 12.64, 0
0.00, 13.92, 0
0.00, 15.19, 0
7154.50, 8.69, 13
7144.75, 9.97, 11
7279.00, 11.25, 12
7269.00, 12.52, 10
6468.50, 15.11, 13
6145.50, 16.39, 14
5801.25, 17.67, 15
5540.00, 18.97, 15
690.25, 124.27, 14
813.75, 124.55, 56
4214.25, 28.00, 15
4099.00, 29.28, 15
3976.50, 30.56, 15
3891.00, 31.86, 15
4000.25, 34.45, 15
8389.75, 2.42, 6
3585.50, 47.27, 15
0.00, 56.14, 0
0.00, 57.41, 0
2774.75, 51.22, 15
2733.75, 52.53, 15
2703.00, 53.81, 15
4000.25, 55.08, 15
4010.50, 62.72, 15
2438.00, 71.69, 15
4018.00, 78.28, 15
2788.75, 124.58, 15
1847.25, 89.66, 15
1862.00, 92.23, 15
1874.50, 93.52, 15
1883.25, 96.02, 15
1897.00, 97.30, 15
1904.75, 98.58, 15
1918.00, 99.81, 15
1945.25, 101.11, 15
1903.00, 102.41, 15
1781.75, 103.72, 15
1674.00, 105.06, 15
9421.25, 106.38, 15
3407.50, 111.70, 15
913.25, 123.58, 15
826.00, 124.09, 33
6223.50, 130.12, 15
708.00, 139.41, 15
7247.50, 17.86, 15
542.25, 151.34, 15
3983.25, 155.42, 15
11471.50, 16.27, 19
515.00, 160.52, 15
510.00, 161.92, 15
507.00, 163.38, 15
505.50, 164.61, 15
5368.25, 165.80, 15
3969.75, 410.42, 15
496.75, 124.05, 48
3535.50, 179.84, 15
501.75, 186.42, 15
504.50, 187.47, 15
505.50, 188.81, 15
508.25, 190.08, 15
511.50, 191.48, 15
514.50, 192.75, 15
518.00, 193.92, 15
3970.00, 91.25, 15
539.25, 198.98, 15
9935.50, 16.64, 15
6647.25, 124.06, 25
15695.50, 19.28, 15
657.25, 216.39, 15
3993.25, 222.58, 15
7394.25, 124.62, 15
989.50, 234.83, 15
1028.50, 236.05, 15
1074.75, 237.30, 15
1125.25, 238.47, 15
7887.50, 37.75, 15
1397.50, 243.33, 15
1472.00, 244.58, 15
1553.75, 245.80, 15
1631.75, 247.05, 15
1782.50, 248.22, 15
1921.00, 249.48, 15
2072.00, 250.69, 15
607.75, 254.22, 14
4327.25, 259.30, 15
8381.25, 260.61, 15
4534.75, 268.27, 15
4482.75, 100.55, 10
4558.50, 274.58, 14
4602.50, 278.39, 12
2750.25, 279.64, 12
0.00, 292.44, 0
0.00, 293.72, 0
0.00, 295.00, 0
9276.50, 288.58, 15
3987.75, 293.67, 15
0.00, 310.31, 0
0.00, 312.88, 0
0.00, 316.70, 0
10216.25, 5.97, 0
0.00, 320.53, 0
15053.50, 323.08, 0
9293.50, 222.81, 39
3512.50, 321.67, 12
10445.50, 207.66, 40
6533.25, 328.12, 13
4016.50, 329.42, 15
6444.50, 331.98, 15
6468.50, 333.27, 15
6389.50, 334.53, 15
7758.50, 195.48, 15
3480.00, 355.08, 0
6733.50, 198.27, 14
6448.50, 1.38, 14
12608.50, 12.97, 0
0.00, 16.81, 0
3738.50, 348.03, 13
6922.50, 14.14, 11
5849.75, 18.02, 15
4005.25, 19.31, 15
4847.25, 23.19, 15
4348.75, 27.05, 15
4227.75, 28.36, 15
3855.50, 128.59, 3
3940.50, 33.48, 15
3888.00, 34.80, 15
3883.75, 36.06, 15
0.00, 47.33, 15
3470.25, 431.91, 13
2895.50, 110.02, 5
3571.00, 46.42, 43
0.00, 56.47, 0
0.00, 57.75, 0
0.00, 59.03, 0
2711.50, 54.11, 15
5703.00, 55.39, 15
2566.25, 60.48, 15
4104.00, 414.30, 59
2472.75, 69.44, 15
2452.50, 70.75, 15
2431.75, 73.30, 15
2433.75, 124.56, 15
1843.75, 82.38, 15
2718.25, 83.66, 15
10575.50, 88.72, 15
3975.25, 48.30, 11
3123.75, 124.22, 22
11983.50, 60.11, 12
1682.25, 105.38, 15
1460.75, 107.98, 15
10893.75, 109.31, 15
4943.50, 37.95, 15
1038.75, 118.55, 15
3979.75, 121.28, 15
3971.25, 303.89, 15
7887.50, 22.30, 15
1231.50, 21.41, 15
535.00, 153.09, 15
525.75, 155.58, 15
518.75, 158.09, 15
3969.75, 458.62, 15
14287.50, 167.39, 15
491.75, 173.53, 15
490.50, 176.25, 15
5722.75, 177.58, 15
5761.75, 124.05, 42
494.75, 185.02, 15
495.75, 186.52, 15
4020.00, 188.95, 15
512.75, 194.06, 15
517.25, 195.05, 15
527.50, 197.66, 15
533.00, 198.94, 15
545.50, 201.38, 15
16105.50, 202.56, 15
3023.50, 17.78, 25
585.50, 207.61, 15
591.50, 208.88, 15
601.25, 210.16, 15
610.00, 211.23, 15
618.00, 212.58, 15
627.25, 213.84, 15
637.00, 214.89, 15
659.25, 217.42, 15
737.00, 223.53, 15
757.00, 224.75, 15
778.25, 226.08, 15
800.00, 227.23, 15
851.00, 229.69, 15
878.25, 231.00, 15
939.25, 233.36, 15
974.50, 234.58, 15
1012.50, 235.78, 15
1050.75, 237.02, 15
1098.25, 238.30, 15
1147.00, 239.47, 15
1200.25, 240.69, 15
1265.75, 241.95, 15
1340.25, 243.09, 15
1424.00, 244.30, 15
1505.75, 245.52, 15
1676.25, 246.81, 15
1839.50, 249.19, 15
3967.50, 255.09, 12
4313.00, 256.34, 15
4540.75, 270.33, 13
3985.50, 314.14, 15
4612.50, 277.91, 14
4639.25, 279.16, 13
7879.50, 146.44, 13
15311.50, 289.30, 15
2432.00, 312.27, 0
9664.50, 0.62, 0
0.00, 323.72, 0
7020.00, 322.31, 13
6872.50, 323.56, 12
6723.75, 68.83, 24
3765.25, 328.66, 13
6385.50, 340.12, 15
153.00, 341.39, 15
2511.25, 197.97, 43
4002.00, 352.84, 13
14287.50, 203.22, 15
0.00, 12.06, 36
5451.50, 15.88, 0
13391.50, 17.06, 14
1871.50, 163.75, 2
4418.25, 26.08, 15
4307.75, 27.36, 15
4157.50, 28.64, 15
4057.75, 29.94, 15
3905.50, 31.20, 15
3901.00, 32.48, 15
3893.75, 33.77, 15
3909.75, 35.06, 15
3901.00, 36.34, 15
3999.25, 37.58, 15
3712.00, 46.50, 0
3496.25, 42.45, 34
3496.25, 44.02, 15
3503.25, 45.28, 15
3562.50, 46.56, 15
0.00, 55.42, 0
0.00, 56.70, 0
0.00, 57.97, 0
0.00, 59.25, 0
2723.25, 53.06, 15
2701.75, 54.33, 15
2654.25, 55.62, 15
2638.50, 56.88, 15
2597.50, 58.20, 15
2571.75, 59.44, 15
2515.00, 60.72, 15
2545.75, 62.00, 15
2550.00, 63.27, 15
2528.75, 64.53, 15
4024.25, 67.11, 15
2436.25, 72.20, 15
2424.50, 73.48, 15
2416.25, 74.75, 15
2710.25, 4.20, 34
1834.75, 78.75, 15
1843.25, 80.05, 15
1836.25, 83.86, 15
1840.00, 85.14, 15
1852.25, 89.66, 15
1859.75, 90.19, 15
1868.25, 92.73, 15
1872.00, 93.97, 15
1886.75, 95.30, 15
1900.75, 96.53, 15
1901.00, 97.81, 15
13007.50, 60.12, 12
1127.50, 114.14, 2
6479.50, 32.16, 15
11471.50, 28.03, 3
794.00, 130.56, 15
4431.50, 23.89, 16
15505.25, 482.08, 19
560.25, 146.69, 15
543.75, 149.33, 15
3970.00, 74.59, 15
9423.50, 158.47, 15
5363.25, 124.05, 15
3969.75, 173.98, 15
489.25, 179.05, 15
5856.75, 124.05, 42
494.25, 185.31, 15
13135.50, 15.72, 15
508.25, 193.11, 15
513.75, 194.25, 15
3970.00, 91.36, 15
11417.25, 235.58, 15
3970.00, 204.05, 15
6892.25, 124.84, 15
6924.50, 216.66, 15
11855.50, 20.97, 15
751.75, 223.88, 15
335.50, 27.66, 15
936.25, 232.44, 15
1050.00, 236.09, 15
7634.75, 125.27, 15
7751.75, 124.14, 45
1420.00, 243.44, 15
1499.25, 244.64, 15
1562.25, 245.88, 15
1672.00, 247.06, 15
1836.50, 248.30, 15
1960.75, 249.48, 15
2141.75, 250.70, 15
3493.50, 251.80, 8
4325.50, 255.48, 15
3787.25, 264.47, 15
8542.75, 69.72, 15
4536.75, 270.80, 12
4562.50, 272.06, 12
0.00, 281.02, 0
4550.50, 274.56, 13
8909.50, 275.81, 15
8948.75, 278.36, 13
1280.00, 294.94, 0
4798.25, 289.81, 15
3392.50, 160.14, 15
0.00, 307.69, 0
6464.50, 310.23, 0
6358.50, 306.28, 10
6496.75, 307.56, 10
0.00, 316.59, 0
0.00, 317.88, 0
0.00, 319.14, 0
156.75, 320.42, 0
0.00, 325.52, 0
7223.75, 319.00, 13
7179.25, 321.53, 12
0.00, 331.92, 0
6836.50, 333.20, 0
4300.50, 327.97, 11
2893.50, 208.45, 41
10781.25, 125.62, 15
0.00, 351.05, 0
3992.75, 366.91, 0
6432.75, 352.25, 15
5199.50, 204.08, 15
6730.75, 2.45, 13
6735.25, 3.72, 8
0.00, 12.78, 0
0.00, 14.06, 0
0.00, 15.33, 0
6854.50, 8.83, 12
6913.25, 10.11, 13
7001.25, 11.34, 14
9805.50, 214.61, 13
5785.00, 17.77, 15
4620.75, 24.19, 15
13699.25, 199.47, 15
4219.25, 28.05, 15
4102.25, 29.33, 15
3948.00, 30.62, 15
3891.00, 31.89, 15
3905.50, 34.47, 15
3939.00, 35.75, 15
3987.00, 37.02, 15
1216.00, 45.92, 0
11855.50, 124.44, 44
3968.00, 57.39, 0
11471.50, 80.30, 15
5711.50, 79.78, 7
2533.00, 63.95, 15
1845.25, 79.45, 15
1829.00, 80.73, 15
1836.25, 82.02, 15
1830.00, 83.23, 15
1848.00, 87.08, 15
1844.25, 88.33, 15
1856.50, 89.59, 15
1868.00, 92.11, 15
7627.75, 179.38, 15
1908.25, 98.47, 15
1922.50, 99.70, 15
2021.00, 100.98, 15
1889.25, 102.28, 15
1670.00, 104.89, 15
1427.25, 107.61, 15
1191.25, 112.84, 15
3738.75, 124.12, 15
822.25, 128.64, 15
803.50, 129.92, 15
3971.00, 132.66, 15
13519.50, 21.22, 15
4618.25, 125.39, 17
546.75, 148.69, 15
533.00, 151.20, 15
3279.50, 157.73, 15
500.50, 161.66, 15
493.00, 165.44, 15
490.50, 166.83, 15
489.50, 168.14, 15
487.75, 169.42, 15
487.25, 170.58, 15
486.50, 172.09, 15
486.50, 173.38, 15
4005.75, 174.41, 15
5708.25, 124.05, 37
486.00, 179.61, 15
488.00, 180.67, 15
488.50, 182.00, 15
489.50, 183.50, 15
490.25, 184.72, 15
5991.75, 124.08, 15
502.00, 191.06, 15
12367.50, 14.11, 15
1103.50, 17.70, 15
573.00, 205.97, 15
6667.25, 124.06, 15
3987.75, 124.06, 47
8399.50, 22.44, 2
3979.75, 124.08, 31
848.50, 229.23, 15
881.75, 230.36, 15
910.75, 231.55, 15
945.00, 232.84, 15
980.25, 234.06, 15
1018.75, 235.20, 15
7605.25, 236.47, 15
3975.25, 124.17, 50
2193.75, 251.06, 15
8349.75, 4.11, 12
8186.25, 254.55, 12
4314.75, 257.09, 15
13263.50, 258.34, 15
4011.50, 265.98, 15
8353.75, 141.89, 33
6735.50, 140.34, 15
4572.50, 277.31, 14
4720.50, 281.12, 11
0.00, 291.34, 0
0.00, 292.61, 0
16335.50, 149.16, 0
4915.25, 292.53, 15
5056.50, 296.31, 15
0.00, 310.42, 0
7872.50, 1.69, 0
0.00, 315.50, 0
0.00, 316.77, 0
0.00, 318.03, 0
0.00, 319.31, 0
0.00, 320.58, 0
15309.50, 225.11, 0
7029.50, 319.14, 12
7006.00, 320.41, 13
6950.00, 321.69, 11
3251.50, 323.02, 13
6620.00, 328.11, 15
5583.50, 329.38, 15
13007.50, 337.03, 14
14016.50, 1.16, 0
6320.00, 348.52, 14
6350.75, 349.80, 15
6405.25, 352.33, 14
6385.50, 353.61, 15
6366.25, 354.88, 15
6343.00, 356.16, 15
6488.50, 357.44, 15
6492.75, 358.70, 15
6562.00, 359.97, 15
3481.75, 1.25, 14
6863.50, 8.89, 14
6936.25, 10.16, 13
6954.75, 11.44, 13
3738.25, 156.70, 10
5750.00, 17.84, 15
5256.00, 21.14, 15
4779.75, 21.72, 15
3986.50, 24.28, 15
3805.00, 39.66, 15
0.00, 48.55, 0
3513.75, 42.23, 15
29.25, 46.06, 15
0.00, 56.20, 0
4011.75, 51.28, 15
2548.25, 60.20, 15
2090.25, 64.06, 15
3992.00, 69.17, 15
0.00, 82.94, 0
1898.25, 76.98, 12
1845.50, 78.28, 15
1839.50, 82.08, 15
0.00, 90.56, 0
1842.25, 84.64, 15
1844.00, 85.89, 15
1848.75, 87.17, 15
1846.25, 88.42, 15
1854.25, 90.98, 15
3033.25, 124.22, 15
14799.50, 101.09, 15
3448.75, 124.17, 37
1278.25, 110.42, 15
1179.50, 112.97, 15
986.25, 119.59, 15
956.50, 120.95, 15
928.75, 122.22, 15
902.75, 123.52, 15
1487.50, 124.95, 15
6351.50, 24.22, 15
847.50, 23.98, 16
738.25, 135.36, 15
4457.75, 124.08, 7
680.75, 141.91, 15
539.00, 150.05, 15
532.00, 151.33, 15
527.00, 152.78, 15
522.75, 153.91, 15
516.50, 155.42, 15
15745.25, 156.62, 15
3969.75, 159.16, 15
493.25, 165.62, 15
491.50, 167.16, 15
489.25, 168.17, 15
489.50, 169.75, 15
487.25, 170.95, 15
487.00, 172.08, 15
6991.50, 15.50, 15
487.00, 175.88, 15
486.75, 177.22, 15
5798.25, 124.05, 15
494.00, 186.89, 15
3969.75, 397.48, 15
5199.50, 16.42, 15
546.00, 201.20, 15
6632.75, 124.06, 15
6711.75, 124.06, 15
688.75, 219.73, 15
705.75, 220.92, 15
7221.75, 125.22, 15
830.25, 228.22, 15
16079.50, 33.50, 29
1390.50, 242.78, 15
3791.50, 48.20, 30
1921.00, 248.86, 15
2081.25, 250.06, 15
2244.00, 251.27, 12
3275.75, 252.34, 12
3674.50, 253.59, 13
4189.00, 254.81, 11
1440.00, 256.09, 15
9935.50, 134.62, 15
3794.00, 263.75, 15
4534.75, 267.53, 15
4570.50, 270.06, 15
4576.50, 271.31, 13
3985.75, 272.62, 12
3218.00, 168.55, 30
12495.50, 150.98, 15
5002.25, 294.78, 15
15183.50, 161.31, 15
5961.50, 311.94, 0
0.00, 315.75, 0
0.00, 317.02, 0
0.00, 318.30, 0
10266.75, 5.55, 0
0.00, 322.09, 0
7149.75, 316.84, 13
11470.50, 318.11, 14
6913.25, 321.94, 13
6868.00, 323.25, 12
6792.00, 324.53, 12
6675.00, 325.81, 14
6624.25, 327.08, 14
6611.75, 328.34, 14
10588.75, 124.80, 36
10710.75, 124.77, 57
6362.25, 336.00, 12
6381.75, 337.27, 13
6304.75, 338.53, 14
6320.00, 339.81, 14
6214.75, 341.09, 13
128.00, 351.39, 0
12494.50, 198.95, 15
128.00, 1.11, 0
537.25, 124.20, 13
4277.75, 27.05, 15
4157.50, 28.33, 15
3996.00, 29.62, 15
3911.25, 30.91, 15
3983.00, 32.17, 15
3923.00, 36.03, 15
4043.75, 37.31, 15
0.00, 46.22, 0
3757.25, 39.89, 15
3631.25, 41.19, 13
3495.00, 42.47, 15
6853.50, 43.73, 15
2432.00, 0.30, 15
2757.25, 51.52, 15
1729.75, 124.78, 15
3791.50, 57.89, 15
14287.50, 79.97, 7
8399.50, 80.22, 7
6863.50, 64.30, 15
4017.25, 73.23, 15
4018.25, 79.80, 15
4022.25, 86.05, 15
1856.25, 91.14, 15
3038.25, 124.22, 4
1898.00, 97.48, 15
1683.00, 103.97, 15
1598.00, 105.25, 15
1467.75, 106.61, 15
1397.50, 107.91, 15
1325.00, 109.27, 15
1266.50, 110.61, 15
1214.75, 111.91, 15
1165.25, 113.22, 15
1112.00, 114.55, 15
1076.25, 115.81, 15
1042.75, 117.17, 15
1006.25, 118.52, 15
975.25, 119.86, 15
946.25, 121.11, 15
916.50, 122.50, 15
893.00, 123.81, 15
869.50, 125.12, 15
848.75, 126.36, 15
828.75, 127.77, 15
807.50, 128.98, 15
12751.50, 130.31, 15
746.25, 132.95, 15
1615.50, 135.53, 15
7697.75, 21.50, 17
4006.00, 147.80, 15
521.00, 154.41, 15
512.75, 156.94, 15
506.00, 159.45, 15
497.25, 163.41, 15
15951.50, 164.62, 15
5435.25, 124.05, 42
489.50, 172.30, 15
5596.25, 173.50, 15
5640.75, 124.05, 40
5682.25, 124.05, 40
489.00, 178.80, 15
489.75, 179.91, 15
3969.75, 335.39, 15
494.75, 186.38, 15
7759.50, 187.53, 15
6131.25, 15.61, 23
518.75, 195.11, 15
524.50, 196.41, 15
529.00, 197.70, 15
15055.50, 201.47, 15
622.50, 212.59, 15
9423.50, 218.69, 15
11087.50, 224.91, 15
15695.50, 233.44, 15
4031.75, 241.98, 15
1683.25, 47.22, 30
4047.50, 248.03, 15
8209.75, 124.52, 13
4316.50, 259.06, 15
8454.75, 124.45, 23
3868.00, 265.48, 15
15607.00, 266.70, 8
8656.75, 116.55, 8
4552.50, 271.80, 14
460.50, 275.53, 14
7587.00, 279.31, 12
12323.75, 293.34, 0
3988.00, 19.14, 19
2240.50, 305.97, 9
0.00, 317.55, 0
0.00, 318.81, 0
0.00, 320.09, 0
10304.00, 321.36, 0
3739.75, 288.11, 11
13518.50, 325.08, 14
6320.00, 334.00, 15
6278.25, 335.28, 12
6293.25, 336.56, 15
6222.25, 337.83, 14
6233.25, 339.11, 15
6222.25, 340.38, 14
0.00, 349.42, 0
0.00, 350.69, 0
0.00, 351.97, 0
0.00, 353.23, 0
0.00, 354.53, 0
6123.75, 348.05, 14
13483.75, 151.31, 14
6339.25, 358.22, 13
6405.25, 0.78, 14
92.75, 2.06, 14
12.25, 4.78, 12
3456.00, 14.92, 0
846.50, 13.53, 12
556.75, 124.73, 47
4323.75, 26.39, 15
4205.75, 27.69, 15
4091.00, 28.98, 15
3969.00, 30.23, 15
3914.25, 31.52, 15
3901.00, 32.81, 15
3934.75, 34.08, 15
3895.25, 35.42, 15
3993.00, 36.69, 15
10319.50, 45.59, 0
3684.50, 45.66, 15
0.00, 55.81, 0
0.00, 57.09, 0
0.00, 58.38, 0
2707.25, 52.19, 15
2701.75, 53.47, 15
2675.75, 54.75, 15
2645.75, 56.02, 15
2609.25, 57.30, 15
2583.00, 58.58, 15
2565.50, 59.86, 15
3977.75, 433.14, 15
11215.50, 76.78, 15
1887.50, 76.66, 15
12623.50, 57.00, 15
1848.75, 88.09, 15
3663.50, 58.56, 11
11983.50, 46.75, 15
975.50, 42.23, 13
1233.25, 111.38, 15
1017.50, 118.06, 15
985.50, 119.33, 15
953.00, 120.64, 15
927.25, 121.98, 15
5583.50, 29.27, 15
834.00, 127.31, 15
14415.50, 23.14, 15
723.25, 136.53, 15
8783.50, 140.28, 15
653.50, 145.61, 2
554.75, 147.12, 15
545.75, 148.53, 15
540.25, 149.88, 15
4875.75, 125.06, 15
13903.50, 159.19, 15
12751.50, 15.52, 20
4010.75, 167.97, 15
5671.25, 124.05, 15
488.75, 179.45, 15
491.25, 183.33, 15
492.50, 184.86, 15
495.00, 186.02, 15
495.75, 187.20, 15
4018.75, 188.45, 15
504.00, 190.88, 15
508.50, 192.30, 15
511.75, 193.50, 15
521.75, 195.89, 15
526.25, 197.34, 15
533.50, 198.44, 15
539.00, 199.84, 15
546.75, 201.00, 15
553.25, 202.28, 15
563.00, 203.53, 15
571.00, 204.77, 15
579.25, 206.00, 15
586.50, 207.19, 15
593.00, 208.39, 15
600.50, 209.80, 15
609.75, 211.02, 15
618.75, 212.25, 15
629.50, 213.45, 15
638.50, 214.81, 15
652.25, 215.88, 15
661.25, 217.19, 15
677.75, 218.41, 15
690.50, 219.70, 15
3970.75, 152.86, 15
3971.25, 229.41, 15
984.50, 234.33, 15
3972.00, 377.53, 15
1384.50, 242.14, 18
4559.50, 48.08, 15
3203.00, 252.48, 8
3538.50, 253.70, 14
4115.25, 254.91, 12
4329.00, 256.19, 15
4314.75, 258.73, 15
3827.25, 261.31, 15
3796.75, 262.61, 15
3982.75, 263.89, 15
3982.00, 271.48, 10
4663.75, 116.55, 16
4160.25, 280.27, 11
0.00, 291.77, 0
3968.00, 294.31, 0
3987.00, 65.12, 18
1344.50, 309.61, 0
6339.25, 306.92, 9
8640.50, 318.52, 0
7101.00, 315.81, 11
1997.50, 319.62, 12
10515.75, 116.77, 53
6259.50, 331.14, 14
719.50, 337.53, 15
9450.75, 191.25, 42
1856.50, 191.91, 13
6070.50, 349.00, 15
11343.50, 192.83, 14
6181.75, 356.64, 15
6189.00, 357.92, 14
6282.00, 359.19, 14
6312.25, 0.47, 15
6346.75, 1.75, 15
10944.50, 1.00, 15
0.00, 14.59, 0
0.00, 15.88, 0
15949.50, 208.19, 15
6675.00, 14.48, 12
2895.50, 185.78, 14
5129.75, 20.92, 15
3985.00, 24.78, 15
14671.50, 122.12, 15
3955.50, 36.34, 15
4097.50, 37.61, 15
0.00, 46.53, 0
3765.50, 40.19, 13
0.00, 49.08, 0
3498.50, 42.80, 15
3981.75, 44.06, 15
7.25, 4.44, 8
2715.00, 53.09, 15
2659.00, 55.67, 15
2633.25, 56.94, 15
2585.00, 58.23, 15
2570.50, 59.52, 15
2516.00, 60.81, 15
2565.50, 62.08, 15
3977.75, 63.36, 15
14415.50, 77.42, 8
2431.25, 73.58, 15
1760.50, 75.11, 15
2524.75, 125.55, 0
1840.75, 80.16, 15
3975.00, 427.42, 15
2808.25, 57.70, 10
1862.00, 89.03, 15
1862.50, 91.52, 15
1935.25, 100.45, 15
3974.00, 504.36, 15
3723.75, 124.12, 4
13328.00, 26.98, 15
4001.75, 129.48, 15
4317.25, 133.48, 15
5967.50, 137.44, 15
10831.50, 20.67, 15
4824.25, 17.17, 18
5035.75, 124.80, 15
504.75, 160.11, 15
502.00, 161.17, 15
499.00, 162.47, 15
497.75, 163.72, 15
1999.50, 15.33, 15
15183.50, 179.19, 15
5897.75, 15.31, 22
1103.50, 15.48, 15
500.75, 189.41, 15
504.75, 190.77, 15
508.25, 192.00, 15
6223.75, 125.20, 15
545.50, 200.66, 15
560.00, 203.11, 15
11983.50, 124.06, 9
672.25, 218.02, 15
687.25, 219.42, 15
704.25, 220.58, 15
720.50, 221.88, 15
741.25, 223.02, 15
755.25, 224.23, 15
779.00, 225.53, 15
797.75, 226.77, 15
823.50, 227.86, 15
849.25, 229.14, 15
876.50, 230.34, 15
908.25, 231.56, 15
939.25, 232.81, 15
976.25, 234.02, 15
1013.75, 235.27, 15
1060.00, 236.44, 15
1106.50, 237.66, 15
1165.00, 238.91, 15
1223.50, 240.16, 15
1293.75, 241.34, 15
1366.25, 242.58, 15
3973.50, 243.78, 15
2127.50, 47.77, 30
3975.75, 248.62, 15
0.00, 260.97, 0
4291.75, 259.69, 15
8393.25, 261.00, 15
8514.75, 124.45, 27
8554.75, 124.52, 5
8759.25, 116.55, 14
2438.50, 278.70, 12
0.00, 294.03, 0
4940.75, 287.61, 10
4816.00, 290.14, 15
4851.75, 291.41, 15
16079.50, 292.70, 15
10191.50, 155.86, 36
5232.25, 297.77, 15
0.00, 306.77, 0
0.00, 308.05, 0
0.00, 309.31, 0
9979.75, 4.59, 0
6464.50, 318.23, 0
3754.50, 319.36, 13
3494.00, 328.33, 15
4029.75, 337.28, 13
4027.25, 346.20, 15
9550.50, 352.59, 14
16269.50, 192.38, 44
183.25, 1.52, 13
13760.50, 0.39, 0
335.25, 125.19, 13
7119.50, 194.28, 13
5608.25, 18.16, 15
5377.50, 19.45, 15
3987.75, 20.73, 15
828.25, 124.55, 4
4239.75, 27.19, 15
4120.00, 28.45, 15
4017.50, 29.73, 15
3927.25, 31.03, 15
3901.00, 32.31, 15
3912.75, 33.58, 15
1152.00, 34.91, 15
203.50, 121.08, 0
3493.75, 42.62, 15
128.00, 46.45, 15
0.00, 57.88, 0
128.00, 1.14, 0
12367.50, 83.61, 7
9799.75, 302.30, 16
2528.75, 64.47, 15
2513.75, 65.73, 15
2504.25, 67.02, 15
2457.75, 68.30, 15
2458.75, 69.61, 15
2441.25, 70.88, 15
2441.25, 72.16, 15
2422.25, 73.44, 15
1739.50, 74.94, 15
1760.00, 76.19, 15
1838.50, 77.45, 15
1843.00, 78.70, 15
1838.00, 79.97, 15
1836.25, 81.28, 15
1837.25, 82.55, 15
1852.25, 83.83, 15
1846.75, 85.11, 15
4019.75, 86.34, 15
3975.25, 44.34, 15
13519.50, 62.59, 12
8143.50, 59.33, 12
4025.75, 104.30, 15
1234.25, 111.06, 15
1183.25, 112.34, 15
904.25, 122.94, 3
4062.25, 124.09, 15
796.25, 129.59, 15
1615.50, 23.53, 15
651.50, 145.28, 15
4778.25, 146.95, 15
3407.50, 17.66, 15
519.00, 154.97, 15
514.75, 156.23, 15
3968.00, 157.39, 15
15311.50, 165.31, 15
10837.25, 102.05, 45
5577.25, 124.05, 15
489.50, 176.80, 15
4012.75, 183.45, 15
3969.75, 416.05, 48
6148.75, 124.05, 23
8783.50, 198.52, 15
3981.75, 207.25, 15
655.25, 215.98, 15
668.00, 217.09, 15
680.25, 218.47, 15
695.50, 219.64, 15
709.75, 220.78, 15
727.25, 222.08, 15
745.75, 223.23, 15
765.50, 224.55, 15
787.75, 225.80, 15
809.50, 227.00, 15
834.75, 228.30, 15
862.25, 229.41, 15
15227.25, 230.67, 15
955.25, 233.08, 15
995.75, 234.38, 15
1035.00, 235.55, 15
1083.50, 236.75, 15
3972.25, 358.03, 15
1322.50, 241.66, 15
3038.50, 242.91, 15
1557.25, 245.39, 15
1646.25, 246.62, 15
1821.75, 247.80, 15
1944.00, 249.00, 15
2122.00, 250.23, 15
2805.00, 251.34, 12
8223.50, 462.58, 10
4302.50, 260.14, 15
3798.00, 264.06, 15
3803.50, 265.33, 15
4463.50, 266.55, 15
4529.00, 267.83, 15
4511.50, 272.95, 13
4582.50, 276.69, 14
10348.50, 277.97, 12
0.00, 280.52, 12
128.00, 290.77, 0
0.00, 294.59, 0
3987.25, 288.17, 15
4856.00, 290.73, 15
4903.75, 292.00, 15
4961.75, 293.27, 15
5060.25, 294.53, 15
5142.25, 295.81, 15
5180.50, 297.08, 15
128.00, 307.39, 0
2752.50, 200.02, 8
0.00, 318.89, 0
12364.50, 216.72, 0
6774.50, 320.05, 12
4175.50, 203.94, 15
6160.00, 332.89, 14
4029.50, 341.86, 14
10319.50, 190.69, 15
6222.25, 359.81, 13
3481.75, 358.03, 14
6488.50, 15.17, 14
6098.75, 16.47, 14
5794.75, 17.75, 15
5499.25, 19.03, 15
692.75, 124.33, 15
719.50, 25.50, 15
3915.50, 31.97, 15
4431.50, 33.23, 15
1310.25, 125.98, 0
1351.75, 108.44, 39
3491.50, 43.53, 15
1840.75, 4.23, 0
15567.50, 84.53, 6
2668.25, 84.70, 6
8399.50, 56.47, 15
6991.50, 79.88, 7
3988.00, 65.44, 15
3975.25, 407.16, 14
11402.25, 398.28, 15
3975.00, 84.80, 15
2877.25, 124.61, 15
1860.75, 91.17, 15
3976.75, 92.42, 15
3121.75, 124.22, 32
1572.50, 105.36, 15
1487.50, 106.73, 15
1409.25, 108.00, 15
1341.75, 109.31, 15
1275.50, 110.64, 15
1221.25, 112.05, 15
1168.00, 113.31, 15
1124.75, 114.64, 15
1045.50, 117.31, 15
3882.75, 124.11, 14
892.25, 123.98, 15
4325.75, 125.23, 15
4431.50, 129.28, 15
747.00, 134.58, 15
731.75, 135.89, 15
721.00, 137.03, 15
660.50, 144.88, 15
558.25, 146.61, 15
552.00, 148.02, 15
538.50, 150.47, 15
516.75, 157.12, 15
16019.75, 422.50, 15
3969.75, 446.97, 15
2895.50, 15.61, 20
495.25, 167.39, 15
494.25, 168.92, 15
494.00, 170.22, 15
491.75, 171.52, 15
491.25, 172.66, 15
491.75, 173.92, 15
490.75, 175.31, 15
491.25, 176.62, 15
489.75, 177.89, 15
5773.25, 124.05, 15
495.50, 184.16, 15
497.25, 185.48, 15
498.00, 186.77, 15
500.75, 187.92, 15
503.25, 189.42, 15
506.50, 190.55, 15
509.00, 191.80, 15
512.50, 193.19, 15
516.50, 194.23, 15
521.00, 195.61, 15
527.00, 196.80, 15
6676.50, 198.14, 15
3970.00, 200.67, 15
593.00, 18.00, 25
14543.50, 209.25, 15
4002.00, 217.92, 15
736.00, 222.95, 2
758.00, 224.09, 15
3977.00, 225.36, 15
7369.25, 124.09, 15
1059.25, 236.41, 15
1102.50, 237.62, 15
1155.75, 238.83, 15
1271.00, 240.05, 15
7887.50, 242.48, 15
7916.75, 47.23, 30
3984.75, 254.58, 13
12495.50, 132.86, 32
10337.25, 10.45, 12
3407.50, 269.84, 15
7616.50, 278.69, 14
10688.50, 0.75, 0
4813.75, 290.16, 15
4876.50, 291.42, 15
4016.00, 293.97, 15
9939.25, 4.03, 0
0.00, 313.14, 0
12480.50, 0.95, 0
7413.25, 314.27, 6
3977.00, 327.09, 15
206.50, 193.47, 13
6170.75, 337.30, 14
6098.75, 338.59, 14
6116.75, 339.84, 14
6141.75, 348.80, 13
6120.25, 350.08, 15
6167.25, 352.62, 15
6170.75, 353.92, 15
6167.25, 355.19, 14
3480.50, 170.47, 14
6389.50, 1.56, 15
14144.50, 1.16, 0
6752.50, 10.47, 13
6886.00, 11.73, 12
6895.00, 13.02, 13
6692.00, 14.30, 13
6301.00, 15.58, 14
5939.50, 16.88, 15
5659.75, 18.17, 15
5397.00, 19.45, 15
5142.25, 20.73, 15
4901.50, 22.03, 15
4707.75, 23.33, 15
4570.50, 24.59, 15
4403.50, 25.89, 15
4281.25, 27.17, 15
4155.75, 28.47, 15
4017.50, 29.73, 15
3928.75, 31.03, 15
411.75, 32.31, 15
8837.00, 2.33, 0
3981.50, 42.58, 15
3563.50, 46.41, 15
0.00, 55.25, 0
0.00, 57.81, 0
2717.00, 52.89, 15
2685.25, 54.19, 15
2667.75, 55.45, 15
2618.25, 56.73, 15
2588.00, 58.05, 15
2573.00, 59.30, 15
2566.25, 60.56, 15
2550.00, 61.88, 15
2537.25, 63.14, 15
2520.25, 64.44, 15
3977.75, 105.70, 15
2440.75, 70.81, 15
2439.50, 72.11, 15
1756.25, 73.59, 15
2434.75, 92.88, 15
2477.25, 124.23, 1
4022.25, 79.92, 15
3975.00, 86.27, 15
1845.50, 91.38, 15
4171.00, 92.61, 15
3126.75, 124.22, 22
3334.25, 124.20, 15
1449.25, 106.84, 15
12367.50, 36.77, 15
3971.50, 120.06, 15
14031.75, 27.03, 15
16335.50, 25.34, 15
3970.50, 138.48, 15
4303.50, 17.86, 15
531.25, 151.98, 15
527.75, 153.03, 15
522.25, 154.53, 15
3975.50, 155.89, 15
512.00, 158.41, 15
5156.25, 124.05, 60
4020.75, 163.50, 15
5520.25, 124.05, 15
491.75, 175.03, 15
3969.75, 369.05, 15
2511.50, 14.03, 15
8655.50, 196.75, 15
551.25, 200.56, 15
3970.00, 389.69, 15
600.50, 207.80, 15
7579.00, 215.36, 15
12509.00, 221.52, 15
3407.50, 223.83, 15
898.25, 230.09, 15
4175.50, 231.28, 15
3229.25, 124.11, 2
1083.50, 236.23, 15
1185.50, 238.64, 15
1245.75, 239.83, 15
1320.50, 241.03, 15
1399.25, 242.27, 15
6221.00, 243.52, 15
15823.50, 48.64, 30
1955.00, 248.36, 15
2134.00, 249.55, 15
2821.50, 250.67, 12
3324.25, 251.88, 10
3733.25, 253.12, 12
4205.75, 254.36, 12
4008.25, 255.66, 15
3985.25, 124.45, 23
8716.50, 141.83, 33
4584.50, 275.92, 15
4602.50, 277.20, 13
4664.00, 278.47, 12
171.50, 279.73, 12
36.50, 291.23, 0
0.00, 293.78, 0
4924.50, 287.36, 15
4757.00, 288.64, 15
4820.50, 289.89, 15
4887.75, 291.17, 15
4980.75, 292.44, 15
9442.25, 293.70, 15
6727.50, 164.23, 15
0.00, 310.36, 0
0.00, 311.64, 0
6274.50, 305.16, 9
6377.75, 306.42, 10
0.00, 315.45, 0
0.00, 316.72, 0
0.00, 318.00, 0
0.00, 319.28, 0
0.00, 320.55, 0
0.00, 321.83, 0
0.00, 323.09, 0
7208.75, 316.56, 12
12096.50, 319.12, 15
0.00, 332.09, 0
3769.50, 328.16, 13
9167.50, 202.55, 15
6424.75, 339.67, 15
0.00, 351.25, 0
0.00, 353.81, 0
6468.50, 355.00, 15
11469.50, 358.83, 14
1.25, 442.81, 6
0.00, 13.00, 0
0.00, 14.28, 0
6908.75, 7.77, 14
7039.00, 9.03, 13
7029.50, 10.30, 12
7164.25, 11.58, 12
6801.00, 12.86, 9
6420.75, 14.16, 13
3990.25, 283.44, 15
782.75, 124.55, 50
4192.50, 27.02, 15
388.00, 122.81, 3
3830.00, 38.59, 15
4009.25, 42.48, 15
3968.00, 56.45, 0
847.50, 84.08, 6
4004.25, 57.98, 15
2533.00, 62.30, 42
3977.75, 28.34, 15
3987.50, 69.45, 15
3975.00, 380.58, 15
4014.25, 83.67, 15
1929.75, 98.95, 15
1841.75, 100.22, 15
9035.50, 102.88, 15
1227.75, 110.83, 15
1174.00, 112.17, 15
3971.50, 452.78, 15
15311.50, 133.38, 15
9167.50, 142.34, 15
541.00, 149.27, 15
4882.75, 506.56, 15
2767.50, 153.17, 15
518.75, 155.75, 15
515.00, 157.17, 15
503.00, 162.48, 15
501.75, 163.83, 15
499.25, 164.88, 15
499.00, 166.28, 15
6735.50, 15.45, 15
493.50, 172.56, 15
5612.75, 125.94, 15
495.75, 178.98, 15
496.75, 181.48, 15
497.75, 183.05, 15
501.00, 184.20, 15
501.75, 185.48, 15
4024.25, 186.61, 15
509.25, 189.38, 15
513.00, 190.56, 15
516.00, 191.78, 15
523.00, 193.14, 15
526.50, 194.17, 15
532.25, 195.64, 15
539.75, 196.72, 15
544.00, 198.06, 15
553.50, 199.16, 15
559.75, 200.36, 15
567.25, 201.66, 15
575.75, 203.03, 15
583.00, 204.23, 15
590.75, 205.58, 15
601.00, 206.67, 15
607.50, 207.86, 15
616.50, 209.28, 15
625.00, 210.50, 15
636.50, 211.73, 15
646.00, 213.03, 15
656.75, 214.22, 15
666.75, 215.47, 15
682.50, 216.56, 15
698.00, 217.83, 15
712.25, 219.17, 15
730.25, 220.28, 15
748.00, 221.61, 15
767.25, 222.77, 15
789.50, 224.09, 15
812.25, 225.27, 15
839.50, 226.48, 15
7326.75, 124.09, 30
954.50, 231.47, 15
986.75, 232.66, 15
1025.00, 233.86, 15
13135.50, 235.17, 15
7680.25, 36.48, 29
4027.25, 243.70, 15
2234.50, 249.78, 15
8066.75, 250.88, 11
4005.25, 253.31, 12
8188.75, 124.52, 15
4012.00, 262.28, 15
3985.75, 69.03, 16
4542.75, 271.17, 12
9005.75, 280.14, 0
12110.50, 144.39, 12
4805.00, 282.56, 6
3020.50, 1.52, 0
4936.25, 290.58, 0
10447.50, 156.73, 15
16064.50, 1.41, 0
0.00, 314.52, 0
7488.50, 318.34, 0
7503.75, 322.03, 12
8269.50, 328.42, 13
15820.50, 337.36, 11
1216.50, 1.55, 0
6743.75, 348.91, 12
10572.50, 214.73, 11
6931.75, 357.84, 13
0.00, 12.02, 0
4940.50, 227.78, 11
3893.75, 29.94, 15
13444.25, 279.77, 15
3741.25, 38.95, 15
3630.00, 40.25, 15
3492.75, 41.53, 15
3459.00, 42.81, 15
3551.50, 45.38, 15
0.00, 55.50, 0
2719.75, 51.89, 15
2665.00, 54.45, 15
12231.25, 55.73, 15
6863.50, 58.31, 15
1103.50, 79.55, 7
10063.50, 76.67, 15
8911.50, 76.66, 8
3977.50, 124.28, 61
2767.50, 124.28, 51
13391.50, 59.97, 9
1841.75, 78.91, 15
1833.75, 80.20, 15
1840.00, 81.50, 15
1841.50, 82.72, 15
1845.25, 83.95, 15
1846.25, 85.22, 15
1852.00, 86.50, 15
1861.00, 87.80, 15
1853.00, 89.05, 15
1851.00, 90.34, 15
2971.25, 91.62, 15
1967.25, 100.48, 15
1712.25, 103.16, 15
3385.25, 124.48, 15
1400.00, 107.12, 15
1330.25, 108.42, 15
1274.25, 109.75, 15
1222.25, 111.12, 15
1173.75, 112.38, 15
1125.50, 113.78, 15
1086.75, 115.11, 15
1045.50, 116.34, 15
1013.25, 117.67, 15
980.75, 119.06, 15
950.50, 120.33, 15
929.25, 121.61, 15
904.00, 123.00, 15
878.50, 124.33, 15
856.25, 125.55, 15
836.75, 126.89, 15
799.25, 128.30, 15
3970.75, 130.94, 15
6161.00, 30.78, 15
16079.50, 22.03, 15
544.25, 149.61, 15
537.50, 150.83, 15
528.75, 153.38, 15
523.50, 154.88, 15
520.75, 156.12, 15
514.25, 159.25, 15
4030.25, 159.84, 15
12981.00, 166.50, 15
12879.50, 168.88, 15
3969.75, 124.05, 47
499.75, 180.34, 15
7759.50, 15.81, 15
1496.00, 195.61, 15
556.25, 199.45, 15
564.75, 200.59, 15
570.50, 201.81, 15
579.75, 203.09, 15
587.75, 204.42, 15
596.25, 205.59, 15
7900.50, 220.39, 15
5455.50, 25.44, 15
7408.75, 28.00, 28
13519.50, 235.22, 15
7682.25, 36.78, 29
3032.75, 124.23, 63
5199.50, 259.73, 0
8436.75, 124.34, 15
4546.75, 269.95, 12
4546.75, 271.23, 11
8761.75, 84.55, 9
8798.75, 116.55, 14
3218.00, 108.55, 50
7759.50, 148.09, 0
4878.75, 291.48, 15
10703.50, 292.75, 15
5706.25, 299.12, 7
0.00, 310.70, 0
6308.50, 305.50, 8
0.00, 314.53, 0
0.00, 315.81, 0
0.00, 317.09, 0
13504.50, 318.36, 0
6476.50, 318.23, 13
41.25, 298.89, 37
7169.25, 327.19, 12
6982.50, 328.48, 13
6940.75, 329.75, 12
6886.00, 331.03, 12
6818.75, 332.31, 13
6809.75, 333.59, 12
6841.00, 334.86, 13
6778.75, 336.14, 13
6805.25, 337.42, 12
6730.75, 338.70, 13
6687.75, 339.97, 13
128.00, 341.25, 13
0.00, 352.86, 0
0.00, 354.14, 0
6696.25, 347.64, 13
3495.00, 348.92, 14
11329.25, 100.81, 6
11369.75, 108.81, 19
11410.75, 100.83, 6
6863.50, 357.84, 13
6801.00, 359.12, 12
6931.75, 0.39, 13
6945.50, 1.67, 12
4800.50, 12.02, 0
7274.00, 8.06, 12
7325.00, 10.59, 11
7258.75, 11.88, 8
6872.50, 13.16, 13
6420.75, 14.45, 14
6120.25, 15.73, 15
5743.75, 17.03, 15
5290.50, 19.61, 15
4997.50, 20.89, 15
4824.75, 22.19, 15
4639.25, 23.47, 15
4509.50, 24.77, 15
4356.00, 26.05, 15
3983.75, 27.31, 15
3879.50, 32.47, 15
1369.75, 124.42, 48
3516.00, 44.06, 15
3549.25, 45.33, 15
0.00, 55.47, 0
1617.25, 56.75, 0
2622.75, 56.97, 15
4006.25, 63.31, 15
14159.50, 77.06, 8
11599.50, 78.84, 15
4026.00, 87.72, 15
3132.75, 124.22, 34
1776.75, 103.00, 15
3973.25, 107.06, 15
1003.50, 118.88, 15
948.25, 121.58, 15
856.00, 122.86, 15
4006.00, 125.55, 15
5327.50, 22.06, 15
725.75, 137.30, 15
4005.50, 143.69, 15
11599.50, 16.69, 15
525.25, 155.88, 15
3791.50, 17.73, 15
5315.25, 124.05, 56
5398.25, 124.05, 54
499.75, 172.53, 15
500.00, 173.98, 15
499.25, 175.25, 15
79.50, 15.66, 15
3969.75, 488.56, 15
516.75, 190.33, 15
3400.00, 191.55, 15
529.75, 194.09, 15
536.00, 195.47, 15
541.25, 196.61, 15
546.50, 197.73, 15
554.50, 199.09, 15
562.25, 200.17, 15
568.25, 201.52, 15
577.25, 202.78, 15
584.50, 204.14, 15
592.00, 205.36, 15
601.25, 206.56, 15
609.00, 207.86, 15
617.75, 209.06, 15
624.75, 210.34, 15
634.50, 211.52, 15
645.25, 212.72, 15
653.25, 214.02, 15
664.25, 215.14, 15
679.00, 216.38, 15
691.00, 217.77, 15
707.00, 218.91, 15
725.25, 220.19, 15
760.00, 223.34, 15
782.25, 223.88, 15
4002.75, 225.02, 15
1011.00, 233.56, 15
79.50, 32.84, 15
3791.50, 34.38, 29
1403.50, 239.61, 15
1425.25, 242.06, 15
4574.50, 243.28, 15
1231.50, 57.47, 15
2141.75, 249.34, 15
2803.50, 250.47, 12
3245.50, 251.67, 11
3958.50, 257.95, 15
3984.75, 259.22, 15
8418.25, 124.45, 52
4418.25, 265.56, 13
4527.00, 266.83, 15
5321.50, 142.02, 33
2944.00, 280.88, 0
329.50, 279.48, 11
7247.50, 288.34, 15
3988.00, 124.59, 57
0.00, 307.53, 0
1097.50, 1.34, 0
128.00, 320.25, 0
7595.75, 108.94, 56
2112.00, 331.72, 0
6860.50, 330.28, 8
6964.00, 335.38, 27
14285.50, 339.19, 13
0.00, 218.34, 42
0.00, 353.34, 0
0.00, 354.66, 0
6927.00, 348.16, 13
6904.25, 349.42, 13
7001.25, 351.97, 13
6996.50, 353.25, 14
7010.75, 358.33, 13
231.75, 101.77, 0
354.75, 92.91, 53
6700.75, 13.64, 12
5681.50, 17.50, 15
5419.50, 18.80, 15
5180.50, 20.08, 15
4733.25, 23.36, 15
4536.75, 23.95, 15
3997.50, 25.22, 15
4016.00, 36.73, 15
3500.75, 43.17, 15
3518.25, 44.44, 15
3560.00, 45.69, 15
0.00, 54.56, 0
13263.50, 55.83, 0
1670.25, 50.89, 15
11012.75, 53.47, 15
2573.00, 58.58, 15
2560.50, 59.86, 15
2544.50, 61.12, 15
2560.50, 62.41, 15
2492.50, 66.22, 15
6479.50, 67.52, 15
2430.75, 72.59, 15
1765.75, 75.41, 15
1847.50, 77.88, 15
3975.00, 232.31, 15
4021.50, 86.80, 15
1858.50, 90.59, 15
1890.25, 95.66, 15
1908.25, 96.92, 15
3975.25, 98.20, 15
3307.25, 124.22, 3
1644.50, 104.70, 15
1499.50, 106.03, 15
3997.75, 112.69, 15
4011.75, 121.91, 15
3983.75, 27.77, 15
808.00, 129.78, 15
792.25, 131.02, 15
777.00, 132.28, 15
761.75, 133.73, 15
746.25, 134.91, 15
735.00, 136.28, 15
723.25, 137.61, 15
712.75, 138.78, 15
702.25, 140.14, 15
690.00, 141.44, 15
9234.00, 142.70, 15
551.50, 148.47, 15
7122.75, 247.58, 15
531.25, 152.33, 15
526.00, 154.80, 15
522.00, 156.03, 15
519.00, 157.64, 15
515.75, 158.80, 15
4030.75, 161.45, 15
503.00, 166.05, 58
501.75, 167.86, 15
498.75, 174.05, 15
4019.00, 175.48, 15
500.75, 178.05, 50
7887.50, 14.50, 15
5899.25, 124.05, 55
3969.75, 186.77, 15
6143.75, 190.56, 15
526.75, 193.27, 15
3992.25, 195.59, 15
571.25, 201.89, 15
579.75, 203.05, 15
586.75, 204.19, 15
594.75, 205.50, 15
16335.50, 18.80, 15
626.75, 210.61, 15
638.50, 211.75, 15
646.75, 212.88, 15
657.50, 214.23, 15
671.25, 215.45, 15
685.25, 216.69, 15
699.50, 217.94, 15
730.25, 220.45, 15
749.75, 221.61, 15
3973.25, 226.47, 15
3971.50, 496.89, 3
3968.50, 235.03, 15
3973.00, 306.92, 4
543.00, 55.00, 30
15430.50, 95.55, 15
8262.75, 124.47, 14
3794.00, 260.75, 15
0.00, 278.55, 22
15435.50, 1.09, 0
3986.25, 372.02, 10
4883.25, 291.08, 15
7119.50, 157.59, 36
0.00, 305.12, 0
9847.25, 306.45, 0
0.00, 308.98, 0
0.00, 311.53, 0
0.00, 314.08, 9
0.00, 315.34, 0
0.00, 317.89, 0
0.00, 319.16, 0
3968.00, 324.23, 0
7888.75, 320.98, 44
9792.50, 0.84, 13
7439.75, 327.92, 12
10697.75, 101.77, 11
8384.50, 340.67, 13
13517.50, 223.08, 12
7135.00, 352.19, 12
7199.00, 353.45, 12
204.50, 225.89, 12
7482.25, 4.92, 13
7477.00, 6.20, 12
7563.50, 7.47, 13
2971.50, 8.75, 13
6456.50, 13.89, 14
6077.50, 15.19, 15
568.25, 124.47, 15
4820.50, 21.61, 15
1743.50, 22.89, 15
4313.00, 25.47, 15
4170.75, 26.77, 15
4094.25, 28.05, 15
3951.00, 29.33, 15
3872.25, 30.62, 15
3889.50, 31.89, 15
3869.50, 33.16, 15
3898.25, 34.47, 15
3936.25, 35.73, 15
3983.50, 37.00, 13
14789.25, 370.16, 15
3984.25, 49.92, 15
8911.50, 84.77, 6
2570.50, 58.89, 15
1967.25, 124.30, 15
2516.75, 64.00, 15
3977.50, 312.25, 15
1770.25, 71.69, 15
2164.00, 74.28, 7
1850.75, 75.69, 15
1845.00, 76.95, 15
1841.00, 78.27, 15
1842.75, 79.50, 15
1831.25, 80.80, 15
1854.50, 83.31, 15
4026.25, 87.14, 15
12239.50, 58.38, 11
5967.50, 59.28, 11
3992.50, 99.78, 15
1664.75, 103.72, 15
1535.00, 105.12, 12
4001.50, 106.45, 15
1107.75, 114.39, 15
1072.00, 115.73, 15
1002.50, 117.08, 15
970.50, 119.69, 15
16335.50, 27.25, 15
12623.50, 128.83, 15
16079.50, 23.34, 15
3970.50, 306.55, 2
4007.50, 147.44, 15
3970.00, 152.88, 15
451.00, 157.97, 15
508.75, 160.73, 15
508.00, 161.80, 15
504.00, 163.25, 15
8271.50, 14.62, 15
495.00, 124.05, 48
495.50, 173.38, 15
495.50, 174.86, 15
495.50, 175.92, 15
3969.75, 395.27, 15
6351.50, 14.20, 15
6114.75, 125.97, 23
10575.50, 16.92, 15
569.75, 201.23, 15
577.00, 202.31, 15
584.00, 203.66, 15
599.25, 206.06, 15
608.25, 207.22, 15
616.00, 208.56, 15
623.75, 209.88, 15
635.50, 211.12, 15
3970.50, 212.19, 15
6909.25, 124.47, 26
729.25, 219.59, 15
747.00, 220.91, 15
768.50, 222.12, 15
789.25, 223.39, 15
3975.25, 225.72, 15
1078.00, 234.33, 15
1181.75, 236.75, 15
1242.00, 238.00, 15
7693.75, 125.14, 15
7809.75, 124.17, 62
8015.50, 135.22, 31
4350.50, 256.25, 15
9664.25, 262.67, 15
10090.50, 268.97, 14
14924.50, 275.27, 15
4776.50, 281.61, 9
0.00, 290.56, 0
0.00, 291.83, 0
4744.00, 286.69, 11
4794.00, 287.94, 15
140.25, 294.28, 15
128.00, 310.92, 0
128.00, 319.83, 0
2982.75, 318.38, 14
7930.75, 322.27, 12
9664.50, 0.62, 0
7552.50, 329.92, 12
3258.25, 333.75, 12
7397.50, 337.58, 12
7299.50, 338.84, 12
7376.75, 340.12, 15
7429.00, 341.41, 11
7376.75, 342.67, 11
7392.25, 351.64, 12
7382.00, 352.91, 12
7477.00, 354.17, 13
7487.50, 355.47, 12
7525.25, 356.73, 13
7536.25, 358.00, 13
7558.00, 359.28, 12
7788.75, 0.56, 13
7783.00, 1.83, 12
7788.75, 3.11, 13
7806.25, 4.38, 13
7865.00, 5.66, 12
8034.25, 6.92, 12
7973.00, 8.20, 11
0.00, 17.30, 0
7233.75, 10.80, 12
6922.50, 12.08, 13
6460.50, 13.38, 13
6088.25, 14.66, 14
5734.25, 15.95, 14
5505.00, 17.23, 15
5290.50, 18.53, 15
3535.50, 19.81, 15
840.75, 124.52, 44
923.25, 124.48, 49
3863.75, 33.95, 15
3927.25, 35.22, 15
3994.50, 36.48, 15
3837.00, 37.77, 15
3725.25, 39.06, 14
3561.25, 40.34, 10
3491.50, 41.64, 15
3503.25, 42.89, 15
3551.50, 44.19, 15
3978.75, 46.84, 15
2697.00, 51.94, 15
2677.00, 53.25, 15
1871.50, 79.36, 7
4028.50, 64.77, 15
2440.75, 69.88, 15
2435.25, 71.14, 15
1757.25, 72.69, 15
3975.00, 82.41, 15
5071.50, 84.05, 15
1894.00, 95.48, 15
3347.25, 125.23, 12
3556.25, 124.14, 36
1036.00, 116.41, 15
911.25, 124.11, 14
4029.50, 123.02, 15
7104.75, 132.22, 15
5967.50, 22.38, 15
10447.50, 140.02, 15
554.50, 145.59, 15
547.25, 147.06, 15
541.25, 148.09, 15
533.25, 149.56, 15
528.25, 150.80, 15
524.50, 152.03, 15
9167.50, 158.77, 15
4013.75, 167.67, 15
493.25, 174.02, 15
498.50, 182.95, 15
500.00, 184.06, 15
502.25, 185.28, 15
505.50, 186.73, 15
512.00, 189.17, 15
514.50, 190.48, 15
520.00, 191.55, 15
3980.50, 192.84, 15
555.50, 199.16, 15
572.75, 201.58, 15
579.25, 202.98, 15
585.50, 204.22, 15
596.25, 205.33, 15
604.00, 206.42, 15
613.00, 207.72, 15
621.25, 209.05, 15
632.00, 210.19, 15
641.00, 211.47, 15
652.25, 212.75, 15
663.50, 213.92, 15
677.00, 215.09, 15
691.75, 216.39, 15
707.75, 217.55, 15
742.75, 218.91, 15
13903.50, 221.27, 15
833.50, 224.91, 15
859.75, 226.17, 15
888.75, 227.41, 15
7356.25, 228.67, 15
1071.25, 233.44, 15
1117.00, 234.72, 15
1166.00, 235.92, 15
1293.50, 237.08, 15
3987.00, 239.56, 15
3974.50, 358.17, 48
7938.25, 124.23, 30
3933.25, 254.06, 15
3921.50, 255.33, 15
3885.25, 256.59, 15
4281.25, 257.84, 15
3810.50, 259.16, 15
3791.25, 260.42, 15
3791.25, 261.69, 15
3933.25, 262.94, 15
0.00, 271.84, 0
4554.50, 265.44, 15
3473.75, 468.70, 15
35.00, 190.55, 28
2688.50, 276.77, 13
4772.25, 285.58, 15
4770.00, 286.86, 15
4807.25, 288.11, 15
15695.50, 155.08, 0
5180.50, 294.42, 15
3904.50, 0.17, 7
6343.00, 303.23, 10
10944.50, 314.80, 0
3231.25, 323.64, 0
2740.25, 324.73, 12
8034.25, 337.42, 11
2975.00, 339.94, 12
8077.75, 348.86, 10
8028.00, 350.14, 11
8178.75, 357.75, 10
15680.50, 1.55, 12
6413.00, 11.77, 15
6285.75, 13.03, 14
5817.25, 14.31, 15
4100.75, 25.83, 15
4124.75, 34.80, 15
3471.50, 115.67, 4
3968.00, 48.80, 0
2774.00, 47.69, 15
2704.50, 50.23, 15
2650.25, 51.53, 15
2622.75, 52.80, 15
2607.75, 54.09, 15
2563.00, 56.62, 15
8399.50, 78.47, 15
2307.00, 71.98, 9
3975.00, 425.42, 15
10063.50, 57.23, 9
1837.00, 78.52, 15
1828.00, 79.81, 15
1845.25, 81.06, 15
1842.25, 82.38, 15
1843.75, 83.55, 15
1842.00, 84.86, 15
1849.00, 86.14, 15
1842.00, 87.41, 15
1862.00, 88.67, 15
1867.00, 89.92, 15
1881.25, 91.19, 15
1885.75, 92.50, 15
1889.00, 93.72, 15
1880.25, 98.81, 15
1752.75, 100.14, 15
1356.25, 105.50, 15
1298.75, 106.83, 15
1242.75, 108.19, 15
1195.50, 109.45, 15
11855.50, 34.77, 15
1032.75, 114.78, 15
994.25, 116.08, 15
967.25, 117.34, 15
940.00, 118.77, 15
913.00, 120.02, 15
889.75, 121.31, 15
866.75, 122.67, 15
846.00, 124.02, 15
790.00, 127.94, 15
777.75, 129.16, 15
762.25, 130.50, 15
4264.75, 125.89, 15
3970.50, 137.08, 15
537.50, 146.61, 15
521.50, 150.67, 15
517.00, 152.06, 15
513.25, 153.30, 15
508.50, 154.41, 15
506.00, 155.83, 15
503.00, 157.09, 15
497.25, 159.92, 15
11732.25, 127.03, 15
5199.50, 166.36, 15
3969.75, 332.48, 15
13903.50, 15.47, 22
4021.25, 184.06, 15
6607.50, 16.30, 15
566.75, 199.05, 15
575.75, 200.33, 15
582.75, 201.67, 15
590.25, 202.86, 15
1871.50, 217.80, 15
12879.50, 24.17, 27
819.25, 222.73, 27
7244.25, 124.09, 15
971.75, 228.94, 15
8527.50, 34.59, 15
1335.25, 237.50, 15
13391.50, 51.19, 15
1958.50, 244.86, 15
1231.50, 249.64, 14
4815.50, 124.52, 12
3757.25, 259.88, 15
4039.25, 261.11, 13
4457.75, 262.38, 14
4584.50, 263.64, 15
4568.50, 264.92, 14
8384.50, 276.45, 0
4757.00, 280.22, 10
5196.00, 292.98, 15
0.00, 301.98, 0
128.00, 1.27, 0
0.00, 307.16, 0
0.00, 308.44, 0
2712.75, 87.97, 9
0.00, 312.28, 0
0.00, 313.56, 0
128.00, 314.84, 0
0.00, 319.98, 0
8034.25, 316.00, 14
8090.25, 317.30, 13
8511.75, 318.56, 12
0.00, 327.67, 0
0.00, 328.95, 0
0.00, 330.30, 0
8382.25, 323.73, 11
8436.25, 325.03, 11
8429.50, 326.31, 13
3003.50, 327.61, 10
13033.25, 84.98, 44
8153.25, 332.73, 9
8077.75, 335.31, 11
15786.00, 482.59, 12
7967.00, 339.16, 12
7973.00, 341.72, 11
15147.00, 78.83, 0
12104.50, 247.64, 43
6218.25, 252.42, 43
8396.50, 358.45, 11
3200.00, 0.69, 0
6996.50, 10.06, 12
6504.75, 11.34, 13
6203.75, 12.62, 13
5788.25, 13.94, 15
5560.50, 15.23, 15
5377.50, 16.53, 15
5099.75, 17.81, 15
4840.50, 19.11, 15
4668.00, 20.42, 15
4519.25, 21.70, 15
4356.00, 23.00, 15
4221.00, 24.31, 15
4123.25, 25.59, 15
3969.00, 26.88, 15
3858.00, 28.16, 15
10959.50, 120.77, 15
15950.50, 34.66, 15
2874.25, 45.08, 15
1477.50, 46.36, 15
3978.50, 6.95, 15
2566.75, 56.72, 15
3977.75, 42.58, 15
2309.75, 124.20, 15
3975.00, 354.20, 15
1834.50, 81.33, 15
14031.50, 57.16, 15
1862.50, 90.25, 15
1904.75, 96.70, 15
1925.25, 97.95, 15
1935.00, 99.25, 15
1818.00, 100.59, 15
1391.25, 105.95, 15
1327.25, 107.27, 15
1266.75, 108.61, 15
1218.25, 109.95, 15
1167.50, 111.25, 15
1120.25, 112.66, 15
1085.00, 113.98, 15
1018.25, 115.31, 15
4559.50, 117.95, 15
881.00, 123.30, 3
753.50, 132.53, 15
4364.75, 124.08, 23
697.25, 139.05, 15
10191.50, 16.53, 15
507.00, 157.86, 15
498.50, 161.78, 15
495.50, 164.44, 15
494.25, 165.59, 15
493.25, 166.95, 15
492.25, 168.36, 15
491.50, 169.66, 15
491.75, 170.94, 15
490.00, 172.30, 15
490.25, 174.81, 15
491.75, 175.86, 15
492.00, 177.27, 15
493.50, 178.47, 15
494.25, 181.05, 15
495.75, 182.45, 15
496.75, 183.62, 15
498.50, 184.91, 15
501.50, 186.31, 15
504.00, 187.31, 15
15575.75, 188.64, 15
514.25, 191.38, 15
523.00, 193.67, 15
5528.50, 195.09, 15
539.50, 197.52, 15
6398.75, 124.92, 15
613.50, 208.77, 15
623.00, 209.88, 15
634.00, 211.14, 15
641.25, 212.38, 15
7153.75, 23.33, 27
9807.50, 26.25, 15
7430.25, 28.92, 28
3972.25, 124.11, 36
1248.50, 238.23, 15
1318.50, 239.50, 15
1396.00, 240.70, 15
1469.25, 241.97, 15
1629.25, 244.41, 15
463.50, 60.02, 15
2258.75, 249.30, 15
3194.25, 250.41, 11
3461.75, 251.56, 14
4123.25, 252.78, 12
4316.50, 254.05, 15
4323.75, 255.31, 15
15311.50, 134.94, 15
3798.00, 260.48, 15
8538.25, 124.55, 16
4580.50, 269.34, 12
3248.50, 275.64, 14
3968.00, 292.22, 0
11599.50, 156.88, 15
9470.75, 125.59, 36
128.00, 0.62, 61
128.00, 316.42, 0
10944.50, 322.78, 0
7859.00, 320.08, 13
128.00, 331.70, 0
3262.25, 336.64, 10
0.00, 349.53, 0
0.00, 350.80, 0
7253.75, 344.28, 12
11098.25, 100.86, 55
7325.00, 351.92, 12
7418.50, 353.19, 11
7547.00, 358.28, 14
7015.25, 11.02, 12
1350.75, 13.58, 12
4815.50, 20.00, 15
3973.50, 35.34, 15
15695.50, 36.62, 12
2824.50, 46.94, 15
2799.75, 48.22, 15
2764.50, 49.52, 15
2662.25, 50.81, 15
1748.25, 124.08, 15
2546.25, 58.48, 15
2517.25, 59.72, 15
2531.75, 60.97, 15
2515.50, 62.25, 15
2509.00, 63.52, 15
2471.50, 64.81, 15
4001.75, 66.06, 15
2280.75, 124.20, 43
1843.75, 73.86, 15
1835.25, 75.20, 15
1828.00, 76.47, 15
1835.00, 77.72, 15
2284.00, 78.84, 15
1843.75, 80.22, 15
1826.25, 81.52, 15
1826.50, 82.81, 15
1825.50, 84.06, 15
1845.25, 85.30, 15
14927.50, 57.72, 15
3196.25, 89.12, 15
1710.50, 101.84, 15
1617.00, 103.14, 15
1481.25, 104.52, 15
1402.25, 105.84, 15
1334.50, 107.20, 15
1272.00, 108.56, 15
1222.75, 109.86, 15
1170.25, 111.19, 15
1125.25, 112.48, 15
1087.00, 113.84, 15
1048.50, 115.09, 15
1014.75, 116.50, 15
981.50, 117.78, 15
953.00, 119.05, 15
926.25, 120.36, 15
901.75, 121.70, 15
878.25, 123.08, 15
856.25, 124.28, 15
835.00, 125.61, 15
754.25, 132.25, 15
4317.75, 125.53, 15
11983.50, 150.83, 15
513.00, 154.75, 15
11215.50, 15.91, 15
6735.50, 15.80, 19
13332.00, 22.05, 54
15055.50, 15.48, 15
489.00, 124.05, 43
11087.50, 172.70, 15
10966.00, 482.05, 41
13903.50, 15.44, 15
502.25, 186.05, 49
4431.50, 15.97, 15
2584.00, 295.80, 15
527.75, 194.30, 15
533.00, 195.70, 15
539.75, 196.67, 15
547.25, 198.03, 15
554.00, 199.17, 15
563.00, 200.62, 15
571.00, 201.83, 15
579.50, 202.95, 15
588.75, 204.30, 15
3988.00, 205.55, 15
3979.00, 212.92, 15
740.25, 124.08, 4
3968.50, 221.47, 15
4014.75, 238.56, 15
8264.75, 124.52, 21
8305.75, 124.45, 41
8387.75, 124.45, 41
4490.25, 263.30, 10
4538.75, 264.59, 14
4594.50, 265.86, 15
145.75, 267.12, 14
4584.50, 272.22, 14
16333.50, 145.22, 13
4661.75, 277.27, 9
4724.75, 278.53, 12
9281.25, 4.58, 9
4785.25, 284.88, 14
3987.00, 101.11, 15
0.00, 314.25, 0
128.00, 320.62, 0
9933.50, 244.48, 39
0.00, 332.12, 0
7314.75, 328.16, 12
7335.25, 329.42, 11
7218.75, 330.70, 11
7228.75, 331.98, 12
4425.50, 227.27, 12
7233.75, 337.08, 13
7194.00, 338.36, 13
0.00, 347.42, 0
0.00, 348.70, 0
0.00, 349.98, 0
0.00, 351.27, 0
7194.00, 344.73, 11
7248.75, 346.02, 9
7269.00, 347.34, 15
7314.75, 348.61, 12
7253.75, 349.89, 10
7279.00, 352.45, 11
7264.00, 353.72, 11
7392.25, 355.00, 12
7397.50, 356.28, 12
7503.75, 357.56, 13
7536.25, 358.83, 12
7569.00, 0.09, 13
7558.00, 1.39, 12
7788.75, 2.67, 13
7771.50, 3.94, 12
7912.75, 5.20, 13
7997.50, 6.48, 12
2432.00, 1.58, 0
6282.00, 11.67, 12
13441.75, 12.95, 15
1103.50, 163.55, 15
4566.50, 20.70, 15
3984.50, 473.98, 15
3904.00, 27.16, 15
3872.25, 28.44, 15
3886.75, 29.70, 15
3862.25, 31.00, 15
3871.00, 32.25, 15
3963.00, 33.53, 15
3942.00, 34.89, 15
3765.50, 36.17, 15
3617.50, 37.48, 15
0.00, 46.34, 0
3477.75, 40.05, 15
3512.50, 41.33, 15
0.00, 50.19, 0
2887.00, 43.95, 15
2845.75, 45.27, 15
2794.50, 46.56, 15
2756.00, 47.83, 15
15174.25, 111.16, 15
6991.50, 54.28, 15
11716.75, 124.30, 42
4015.50, 63.28, 15
12623.50, 57.00, 15
2563.75, 125.44, 9
4559.50, 83.98, 15
2891.25, 124.22, 0
1876.75, 92.94, 15
1980.50, 124.22, 39
79.50, 99.33, 15
3983.25, 108.72, 15
5071.50, 118.06, 15
857.25, 123.27, 3
16207.50, 25.28, 15
3970.50, 136.53, 15
8271.50, 20.89, 17
538.25, 146.28, 15
11983.50, 152.77, 15
3791.50, 161.91, 15
5474.25, 124.05, 15
488.25, 176.12, 15
4013.50, 182.64, 15
6121.75, 124.05, 15
523.75, 193.80, 15
558.00, 200.14, 15
6351.50, 201.53, 15
6610.75, 124.06, 15
9295.50, 20.53, 26
684.25, 216.52, 15
7004.75, 125.70, 15
822.50, 225.12, 15
874.25, 226.38, 15
10831.50, 28.75, 15
1009.00, 232.53, 15
1056.75, 233.78, 15
1102.00, 234.94, 15
1157.25, 236.19, 15
1216.00, 237.36, 15
1282.00, 238.59, 15
7951.25, 124.23, 40
140.00, 63.55, 10
4322.00, 253.25, 15
4350.50, 254.56, 15
4334.50, 255.83, 15
4307.75, 257.12, 15
3869.50, 258.45, 15
3817.50, 259.73, 15
3794.00, 261.03, 15
3798.00, 262.33, 15
4307.75, 263.56, 15
4582.50, 264.81, 15
4586.50, 267.39, 13
4017.00, 268.69, 10
10319.50, 141.77, 33
8721.25, 124.55, 14
4602.50, 273.81, 14
12748.50, 145.67, 34
4160.50, 146.45, 34
128.00, 287.78, 0
0.00, 291.61, 0
4780.75, 286.48, 15
4827.00, 287.77, 15
4881.00, 289.03, 15
4957.25, 290.30, 15
5007.00, 291.58, 15
5099.75, 292.84, 15
5190.75, 294.14, 15
5240.25, 295.41, 15
0.00, 304.39, 0
0.00, 305.67, 0
0.00, 307.02, 0
0.00, 308.30, 0
0.00, 309.58, 0
0.00, 310.86, 0
128.00, 304.38, 10
9903.75, 77.98, 0
128.00, 0.86, 16
7466.25, 315.88, 12
7244.50, 330.09, 0
6890.50, 327.44, 13
6881.50, 328.70, 12
6904.25, 329.98, 12
6792.00, 331.28, 13
6730.75, 332.56, 13
6805.25, 333.84, 12
6770.00, 335.12, 12
6726.50, 336.41, 13
6722.25, 337.69, 13
10688.50, 338.97, 13
16204.50, 211.38, 10
6886.00, 352.83, 24
7758.50, 0.36, 14
11503.75, 108.34, 44
0.00, 11.14, 0
3739.25, 53.75, 11
5886.00, 14.89, 15
4009.25, 18.77, 15
765.75, 145.61, 2
14927.50, 129.22, 15
3895.25, 30.38, 15
6350.50, 124.20, 15
1259.75, 125.41, 4
15439.50, 91.20, 15
1550.25, 125.81, 5
2595.75, 54.86, 15
2563.00, 57.44, 15
11193.25, 124.30, 16
2288.00, 75.33, 15
4003.50, 78.03, 15
3975.00, 257.89, 15
1826.25, 85.64, 15
1832.75, 86.95, 15
1841.50, 88.17, 15
3975.00, 89.50, 15
3975.25, 144.22, 11
1979.75, 99.61, 15
3978.25, 106.27, 15
3695.75, 124.83, 15
957.00, 119.45, 15
3906.75, 124.83, 15
4002.25, 128.59, 15
729.25, 135.25, 15
719.00, 136.42, 15
706.25, 137.83, 15
696.00, 139.05, 15
677.00, 141.81, 15
4838.25, 124.52, 18
514.25, 152.48, 15
507.50, 155.08, 15
12244.00, 15.64, 19
494.50, 161.88, 15
5253.75, 124.97, 15
10132.75, 214.05, 42
486.75, 168.11, 15
3969.75, 169.28, 15
484.25, 173.22, 15
483.75, 174.52, 15
5671.75, 124.05, 15
5708.75, 124.05, 38
486.75, 179.78, 15
487.75, 180.81, 15
488.50, 182.34, 15
491.00, 183.31, 15
492.00, 184.88, 15
11343.50, 14.05, 15
6069.75, 188.41, 15
207.50, 193.66, 15
6348.25, 16.36, 24
545.25, 199.69, 15
2639.50, 17.08, 15
577.50, 204.84, 15
587.00, 205.95, 15
4303.50, 19.25, 15
745.50, 221.97, 15
767.25, 223.30, 15
789.00, 224.52, 15
814.00, 225.67, 15
3972.25, 26.17, 15
7610.25, 124.12, 54
5967.50, 45.44, 15
1676.00, 245.11, 15
3975.75, 246.34, 15
0.00, 258.66, 8
11343.50, 254.83, 15
3806.25, 259.98, 15
8441.25, 124.45, 15
2976.75, 124.52, 44
5455.50, 142.12, 14
9536.50, 286.62, 0
3023.50, 287.83, 15
5203.75, 294.16, 15
9792.00, 305.69, 0
6592.50, 0.25, 0
0.00, 317.16, 0
0.00, 319.70, 0
7062.75, 318.28, 15
6982.50, 319.55, 14
6945.50, 320.81, 10
0.00, 329.88, 0
6770.00, 323.41, 8
6787.75, 324.67, 12
6783.25, 325.95, 13
6787.75, 327.22, 12
6792.00, 328.50, 15
6700.75, 329.78, 13
6722.25, 331.05, 14
6653.75, 332.33, 15
6662.25, 333.59, 12
6636.75, 334.88, 15
6607.50, 336.14, 14
6683.50, 337.42, 15
6595.00, 338.69, 14
0.00, 347.75, 0
0.00, 349.02, 0
0.00, 350.30, 0
0.00, 351.56, 0
6700.75, 345.06, 12
6700.75, 346.39, 12
6743.75, 347.67, 13
6774.50, 348.94, 13
3166.25, 350.20, 11
6945.50, 355.33, 11
11452.25, 108.61, 13
385.75, 5.48, 0
7487.50, 5.52, 12
3229.50, 180.78, 12
5833.50, 14.48, 15
5560.50, 15.78, 15
5336.50, 17.06, 15
5016.50, 18.36, 15
4822.50, 19.66, 15
4347.00, 22.20, 15
4200.75, 24.80, 15
4078.25, 26.09, 15
3967.50, 27.34, 15
3881.00, 28.62, 15
3888.00, 31.20, 15
3861.00, 32.45, 15
3931.75, 33.75, 15
1487.50, 37.62, 15
10319.50, 46.69, 15
2519.75, 58.20, 15
3996.50, 64.61, 15
2663.00, 73.70, 15
1231.50, 56.88, 15
1822.00, 82.70, 15
1834.50, 85.12, 15
1836.50, 87.72, 15
1900.00, 96.59, 15
1252.00, 108.16, 35
1199.25, 109.73, 15
1155.00, 111.06, 15
1110.75, 112.38, 15
1000.75, 116.41, 15
3806.75, 125.64, 15
890.50, 120.25, 15
12751.50, 26.88, 15
809.75, 126.92, 15
789.50, 128.20, 15
775.50, 129.53, 15
763.00, 130.77, 15
747.25, 132.11, 15
734.75, 133.53, 15
722.00, 134.77, 15
5583.50, 136.11, 15
537.50, 145.77, 15
2639.50, 16.08, 15
503.75, 154.75, 15
495.00, 158.59, 15
14825.50, 161.19, 15
481.75, 167.83, 15
480.75, 170.12, 15
480.50, 171.58, 15
480.50, 172.88, 15
481.00, 174.02, 15
481.25, 175.50, 15
482.00, 176.47, 15
482.00, 177.75, 15
485.00, 179.02, 15
485.75, 180.31, 15
488.00, 181.75, 15
490.50, 183.14, 15
491.75, 184.39, 15
494.50, 185.55, 15
497.00, 186.70, 15
5455.50, 188.06, 15
535.75, 196.67, 15
543.75, 197.89, 15
551.25, 199.27, 15
558.50, 200.41, 15
567.25, 201.81, 15
575.75, 202.88, 15
584.00, 204.12, 15
5199.50, 19.39, 15
3970.25, 504.06, 44
677.50, 215.42, 15
725.25, 219.12, 15
253.50, 221.47, 15
8260.50, 225.23, 15
1615.50, 35.77, 15
7635.25, 125.23, 29
6095.50, 52.27, 15
7909.25, 125.91, 30
3951.00, 250.73, 12
4330.75, 252.00, 15
3984.75, 254.55, 15
4554.50, 263.50, 15
4556.50, 264.78, 15
4682.75, 274.55, 30
3648.50, 146.20, 13
0.00, 289.00, 0
2496.50, 294.05, 15
10816.50, 310.75, 0
0.00, 319.70, 0
0.00, 320.98, 0
0.00, 322.27, 0
7569.00, 315.73, 13
5440.50, 318.30, 14
3728.00, 327.36, 11
6996.50, 336.34, 12
6973.25, 337.61, 12
4416.50, 349.25, 0
7062.75, 351.81, 0
9417.50, 346.59, 12
3532.25, 225.58, 43
7547.00, 359.39, 13
15950.50, 0.67, 14
14669.50, 246.14, 0
7325.00, 8.36, 12
4874.50, 9.66, 11
6145.50, 12.25, 15
475.25, 125.53, 15
5331.00, 16.12, 15
5062.75, 17.41, 15
4833.75, 18.72, 15
16066.50, 20.00, 15
4217.75, 23.88, 15
4086.25, 25.17, 15
3927.25, 26.48, 15
3869.50, 29.03, 15
3923.00, 32.88, 15
4095.75, 34.16, 15
3852.50, 35.47, 12
3697.75, 36.80, 15
3563.50, 38.09, 15
3468.50, 39.38, 15
3480.00, 40.66, 9
0.00, 49.52, 0
2887.75, 43.30, 15
2856.50, 44.59, 15
2805.75, 45.88, 15
3978.50, 124.33, 23
2491.25, 53.66, 15
2490.75, 54.92, 15
2555.00, 56.19, 15
2539.75, 57.47, 15
2554.25, 58.78, 14
2519.00, 60.06, 15
3977.50, 61.34, 15
3975.00, 464.25, 15
7631.50, 56.88, 15
1999.50, 57.03, 9
1828.00, 79.50, 15
1827.25, 80.73, 15
1820.25, 82.05, 15
1829.75, 83.23, 15
1836.00, 84.53, 15
1836.50, 85.84, 15
1842.75, 87.08, 15
1847.25, 88.34, 15
1856.25, 89.64, 15
1917.25, 90.94, 15
1876.25, 93.45, 15
1896.00, 96.02, 15
4030.75, 109.23, 15
3624.25, 124.12, 28
4013.25, 115.91, 15
3919.25, 124.09, 63
13391.50, 128.98, 15
702.75, 124.08, 22
6479.50, 138.33, 15
658.75, 143.48, 2
335.50, 16.62, 15
3970.25, 150.58, 15
3969.75, 410.05, 59
483.75, 165.95, 15
8143.50, 172.52, 15
11343.50, 15.23, 15
494.75, 185.23, 15
497.25, 186.62, 15
500.50, 187.81, 15
503.00, 189.11, 15
507.50, 190.44, 15
512.75, 191.50, 15
6206.25, 124.83, 15
5336.50, 195.31, 15
1999.50, 17.80, 15
573.75, 202.78, 15
640.00, 211.47, 15
9935.50, 20.62, 26
740.50, 220.05, 15
1615.50, 223.75, 15
8783.50, 29.62, 28
7471.75, 124.11, 60
1117.75, 234.81, 15
1172.75, 235.97, 15
1234.75, 237.17, 15
1380.25, 239.62, 15
1631.75, 243.30, 15
1778.75, 244.52, 15
1944.25, 245.72, 15
2101.50, 246.91, 15
0.00, 255.53, 0
3762.50, 249.25, 12
4226.25, 251.69, 10
4338.00, 254.25, 15
3816.00, 258.14, 15
3817.50, 260.69, 15
4478.75, 263.97, 15
4558.50, 264.47, 15
4564.50, 265.75, 14
0.00, 274.70, 0
4519.25, 268.31, 14
4536.75, 269.59, 15
4550.50, 270.88, 15
4586.50, 272.14, 15
4588.50, 273.41, 13
4674.25, 274.61, 13
4653.50, 275.88, 13
4695.25, 277.14, 11
49.25, 278.41, 9
128.00, 288.64, 0
4983.00, 289.88, 15
0.00, 303.94, 0
0.00, 306.55, 0
0.00, 309.09, 0
128.00, 302.61, 10
0.00, 314.20, 0
0.00, 315.47, 0
0.00, 316.75, 0
0.00, 319.30, 0
10240.00, 320.58, 0
8000.00, 323.14, 0
7912.75, 317.88, 13
7818.00, 319.16, 13
7829.75, 320.42, 12
0.00, 329.52, 0
128.00, 330.84, 0
1356.50, 235.41, 0
7423.75, 334.55, 11
7423.75, 338.39, 13
11279.25, 108.94, 43
7876.75, 355.05, 12
11723.50, 358.88, 10
12480.25, 2.70, 11
2715.50, 7.84, 15
3716.25, 16.89, 15
4160.75, 124.53, 13
4175.50, 25.94, 15
2884.50, 44.00, 15
2683.25, 124.33, 45
2724.75, 50.42, 15
2655.00, 51.72, 15
2609.25, 53.00, 15
2472.75, 54.30, 15
2474.25, 55.62, 15
2552.00, 56.86, 15
2524.00, 59.41, 14
2448.75, 65.83, 15
2194.75, 125.33, 15
1840.75, 71.14, 15
1103.50, 57.52, 15
7887.50, 86.42, 15
3975.25, 122.36, 15
3173.25, 124.22, 52
3301.25, 124.19, 27
1453.75, 104.47, 15
1388.25, 105.77, 15
3973.00, 307.16, 15
1207.00, 109.78, 15
1162.50, 111.12, 15
1121.50, 112.38, 15
1077.25, 113.80, 15
1043.50, 115.09, 15
1011.75, 116.33, 15
3811.25, 124.11, 15
3894.75, 124.34, 15
6124.75, 122.94, 15
785.00, 129.53, 15
3968.00, 130.83, 15
706.75, 137.34, 15
697.00, 138.77, 15
688.00, 140.12, 15
679.25, 141.25, 15
671.25, 142.64, 15
662.25, 143.92, 15
13775.50, 17.12, 15
4872.25, 124.34, 18
498.25, 158.83, 15
494.00, 161.34, 15
5290.25, 124.05, 42
5331.75, 124.05, 40
3969.75, 310.66, 15
487.25, 175.47, 15
488.00, 176.55, 15
489.25, 177.98, 15
491.25, 179.31, 15
491.50, 180.62, 15
493.25, 181.64, 15
494.75, 182.94, 15
496.75, 184.33, 15
500.50, 185.44, 15
505.25, 188.14, 15
509.50, 189.41, 15
3970.00, 191.72, 15
542.25, 196.66, 15
565.25, 200.41, 15
1818.25, 422.06, 50
717.00, 217.80, 15
770.25, 221.61, 15
819.75, 224.00, 15
871.50, 226.47, 15
901.25, 227.61, 15
933.50, 228.80, 15
971.75, 230.06, 15
1008.25, 231.31, 15
3972.00, 212.50, 15
7519.25, 124.12, 10
1274.75, 237.39, 15
0.00, 255.72, 0
3814.75, 258.27, 15
6991.50, 259.55, 15
8548.75, 100.55, 50
4527.00, 269.69, 13
4590.50, 270.95, 15
12366.50, 144.45, 14
8790.75, 100.55, 48
0.00, 289.98, 0
3997.25, 288.62, 15
128.00, 305.23, 0
6208.00, 315.48, 0
128.00, 318.03, 0
10090.25, 321.84, 0
8102.75, 316.58, 12
8388.75, 317.84, 13
8525.75, 319.11, 12
8422.75, 320.39, 13
8355.25, 321.67, 11
8217.50, 323.00, 11
8230.25, 324.28, 11
8077.75, 325.56, 12
2719.75, 329.39, 10
2463.75, 338.33, 9
185.75, 347.27, 10
13388.50, 262.38, 11
0.00, 5.30, 0
0.00, 6.56, 0
0.00, 7.84, 0
8865.50, 1.28, 9
8949.00, 2.56, 9
9217.25, 3.84, 11
0.00, 12.94, 0
7960.75, 6.41, 12
7382.00, 7.69, 12
6927.00, 9.00, 12
6255.75, 10.33, 11
5327.50, 182.19, 1
5117.25, 16.77, 15
4670.25, 19.34, 15
4490.25, 20.62, 15
4345.25, 21.92, 15
4211.00, 23.20, 15
4092.75, 24.50, 15
3975.00, 25.78, 15
3856.75, 27.08, 15
3841.25, 28.34, 15
3630.00, 29.67, 12
3652.75, 30.94, 15
3878.00, 32.19, 15
3907.00, 33.45, 15
3862.25, 34.80, 11
3701.75, 36.08, 15
3125.25, 37.42, 15
3043.25, 38.72, 15
3011.25, 39.98, 15
2961.25, 41.30, 15
2768.25, 46.44, 15
4022.00, 52.91, 15
4009.25, 61.83, 15
1954.75, 68.33, 15
1851.25, 69.70, 15
1829.25, 70.98, 15
1829.25, 72.27, 15
2283.50, 73.38, 15
1823.75, 74.80, 15
1821.75, 76.09, 15
1816.75, 77.38, 15
1809.50, 78.61, 15
1816.25, 79.91, 15
1818.00, 81.22, 15
1822.50, 82.45, 15
1823.75, 83.69, 15
1832.50, 84.97, 15
2800.75, 124.25, 15
1899.75, 96.41, 15
1815.00, 99.00, 15
1225.25, 108.31, 15
4027.75, 114.94, 15
6735.50, 24.23, 15
4352.25, 23.00, 16
543.00, 145.62, 2
79.50, 149.67, 15
11215.50, 158.69, 15
11796.25, 506.05, 49
1103.50, 167.70, 15
492.00, 174.19, 15
5697.25, 124.05, 45
3791.50, 15.50, 15
500.00, 181.58, 15
501.25, 182.91, 15
504.75, 184.20, 15
507.50, 185.47, 15
509.25, 186.84, 15
517.00, 189.34, 15
13903.50, 192.95, 15
14287.50, 19.36, 15
602.75, 204.39, 15
650.50, 210.48, 15
9039.50, 216.80, 15
4879.50, 25.00, 27
942.75, 227.77, 15
980.25, 228.97, 15
1014.00, 230.27, 15
1058.75, 231.42, 15
7484.25, 124.66, 15
1361.75, 237.52, 15
1447.25, 238.78, 15
1530.75, 240.00, 15
1606.50, 241.22, 15
1719.25, 242.47, 15
1895.00, 243.66, 15
2034.50, 244.92, 15
2232.25, 246.09, 15
3047.75, 247.20, 10
0.00, 256.03, 0
3993.00, 249.69, 11
4361.50, 250.91, 15
4339.75, 252.20, 15
4339.75, 253.48, 15
4327.25, 254.77, 15
3872.25, 256.08, 15
3823.00, 257.36, 15
8308.50, 258.66, 15
8357.25, 124.45, 41
14031.50, 124.52, 14
8479.75, 124.55, 14
9352.75, 124.55, 32
4560.50, 267.55, 14
8889.25, 4.50, 0
4592.50, 273.38, 14
4664.00, 273.94, 13
11343.50, 282.80, 9
5160.00, 291.73, 15
0.00, 302.00, 0
5737.50, 295.53, 7
0.00, 305.83, 0
6350.75, 301.95, 8
0.00, 312.27, 0
0.00, 313.55, 0
6978.00, 307.03, 8
0.00, 316.11, 0
0.00, 318.67, 0
10279.75, 319.95, 0
8422.75, 319.80, 12
8134.25, 326.27, 11
8059.00, 327.55, 10
8059.00, 328.83, 10
8022.00, 330.11, 12
10179.50, 332.67, 11
4907.75, 174.28, 32
8362.00, 354.53, 12
13644.50, 357.09, 10
839.50, 273.33, 0
7213.75, 8.69, 12
486.75, 124.59, 15
2383.50, 21.69, 15
6095.50, 114.16, 15
3937.75, 33.27, 36
3982.75, 78.59, 15
2779.00, 46.34, 15
2736.75, 47.61, 15
2631.75, 48.94, 15
2672.50, 50.19, 15
2641.75, 51.48, 15
2604.00, 52.78, 15
2473.25, 54.09, 15
5327.50, 77.16, 15
2525.75, 59.20, 15
14599.50, 454.50, 15
2442.50, 65.62, 15
3975.00, 74.83, 15
1812.25, 79.95, 15
2762.75, 125.11, 10
1846.50, 87.59, 15
5711.50, 90.17, 15
9423.50, 52.42, 12
1457.50, 104.45, 15
1381.50, 105.80, 15
1318.75, 107.14, 15
1257.25, 108.42, 15
1216.75, 109.72, 15
1164.00, 111.09, 15
1125.75, 112.41, 15
1083.50, 113.75, 15
2639.50, 33.08, 15
8655.50, 31.67, 14
881.75, 123.02, 15
860.50, 124.31, 15
840.50, 125.59, 15
823.25, 126.86, 15
805.50, 128.30, 15
789.50, 129.50, 15
724.00, 136.19, 15
713.00, 137.38, 15
702.75, 138.84, 15
695.75, 140.02, 15
4011.75, 141.36, 15
12879.50, 17.19, 15
520.00, 152.23, 15
7375.50, 14.30, 15
12500.25, 124.05, 53
5367.75, 125.36, 15
493.75, 170.48, 15
494.25, 171.70, 15
494.25, 172.89, 15
494.00, 174.30, 15
494.75, 175.58, 15
495.50, 176.89, 15
496.25, 178.25, 15
496.25, 179.39, 15
498.25, 180.59, 15
501.00, 181.92, 15
4303.50, 183.30, 15
516.00, 189.59, 15
519.50, 190.92, 15
522.50, 192.05, 15
529.25, 193.30, 15
534.75, 194.44, 15
8856.50, 195.73, 15
6863.50, 16.20, 15
9359.50, 20.36, 26
778.00, 221.86, 15
3999.75, 223.09, 15
1342.50, 239.00, 15
1421.00, 240.23, 15
8911.50, 52.66, 15
2200.25, 247.53, 15
13007.50, 251.05, 12
7119.50, 136.00, 31
4313.00, 256.14, 15
4000.00, 257.42, 15
8401.75, 261.30, 15
8440.75, 76.47, 20
4576.50, 266.33, 13
4580.50, 268.88, 13
0.00, 277.84, 0
5839.50, 271.45, 15
8805.75, 108.55, 38
0.00, 289.20, 0
3535.50, 287.86, 15
0.00, 304.47, 0
2432.00, 0.30, 0
0.00, 313.38, 0
