211.66 6856.25 15 0
215.55 1615.50 15 0
53.94 3974.75 27 1
55.39 16335.50 15 0
229.92 1823.25 15 0
231.17 1245.00 15 0
124.22 7522.75 17 0
60.19 13775.50 29 0
241.56 1487.50 15 0
251.94 2342.50 15 0
255.78 8268.25 15 0
367.02 3979.00 9 1
266.14 3164.50 15 0
124.44 8681.25 11 1
273.84 4202.50 15 0
280.33 4600.50 55 1
288.14 55.00 8 0
299.75 37.75 0 0
93.97 9554.75 15 0
299.91 3238.25 11 0
5.17 5010.75 17 1
306.44 13774.00 12 0
310.38 4533.00 15 0
319.36 0.00 0 0
320.67 0.00 0 0
321.97 2624.00 0 0
447.23 10514.50 6 1
329.80 0.00 0 0
333.11 0.00 0 0
325.98 2777.25 13 0
337.64 128.00 0 0
336.41 6102.50 13 0
348.09 11200.00 0 0
352.00 0.00 0 0
55.34 3740.25 28 1
350.81 7455.50 13 1
352.09 7580.00 15 0
2.53 0.00 0 0
5.83 206.75 0 0
2.67 4874.25 15 0
437.91 3994.25 15 0
7.92 4289.00 15 0
298.53 6785.50 15 0
14.45 4505.75 12 0
17.09 4418.25 15 0
28.67 0.00 0 0
22.16 4027.50 13 0
139.30 12623.50 3 1
137.55 6991.50 3 1
34.06 4537.00 15 0
36.70 4509.50 15 0
38.02 128.00 15 0
49.61 0.00 0 0
52.22 0.00 0 0
56.16 0.00 0 0
98.19 3476.00 8 0
124.58 1719.25 40 0
100.20 3984.50 31 1
59.03 3684.75 15 0
100.39 3081.75 41 0
66.94 2233.00 15 0
402.94 3209.00 15 0
77.53 2482.50 15 0
124.28 2607.25 13 0
84.12 2263.50 15 0
88.03 2164.00 15 0
67.36 79.50 15 0
65.03 3023.50 11 0
125.95 3155.25 15 0
102.50 1910.75 15 0
125.83 3407.75 15 0
130.41 3975.25 56 1
426.42 13127.00 12 1
114.31 1825.25 15 0
57.36 3983.50 14 0
127.94 1880.50 15 0
124.67 4200.75 15 0
134.22 3975.50 63 1
431.06 13457.50 15 0
142.95 2059.50 15 0
145.70 1822.00 15 0
153.58 5007.75 15 0
125.56 5124.75 15 0
59.58 10831.50 20 0
167.88 2141.75 15 0
182.66 3976.50 56 1
124.25 5580.25 60 1
12.67 2044.75 54 1
179.64 5833.75 15 0
183.59 1928.00 15 0
186.23 1885.50 15 0
57.94 1359.50 23 0
192.81 1812.75 15 0
196.73 1778.25 15 0
124.20 6422.25 15 0
204.59 1734.75 15 0
208.52 1743.00 15 0
211.17 1738.00 15 0
124.20 1740.75 24 1
219.00 1728.25 15 0
104.33 3974.75 15 0
124.20 11609.25 46 1
56.64 3983.50 28 0
58.22 9935.50 14 1
124.23 7715.25 0 1
262.94 3976.00 35 0
251.47 2329.75 15 0
252.78 11087.50 15 0
259.23 2672.50 15 0
263.14 14077.50 15 0
124.38 8544.25 4 1
268.30 2593.50 15 0
124.88 8751.25 15 0
277.28 4707.75 15 0
278.59 4651.50 15 0
279.89 4026.50 15 0
298.02 0.00 0 0
300.62 0.00 0 0
296.84 4966.50 10 0
298.14 4881.00 15 0
300.83 4798.25 11 0
93.17 146.75 10 0
461.19 3987.25 43 1
431.20 146.00 41 1
322.89 0.00 0 0
330.77 41.50 0 0
4.70 10794.75 0 0
338.62 10304.50 0 0
116.75 10797.75 13 0
349.11 0.00 0 0
1.36 128.00 0 0
224.03 9676.50 43 1
351.78 7668.75 15 0
0.89 128.00 0 0
0.00 128.00 48 1
124.58 114.75 58 1
10.22 4651.50 15 0
93.52 452.75 15 0
15.44 3985.25 12 0
1.48 128.00 2 1
23.30 4488.25 10 0
138.59 15695.50 15 0
124.53 954.75 17 1
4.53 6874.25 51 1
49.30 15680.00 0 0
93.22 1539.25 0 0
4.69 3492.75 10 1
111.47 11087.50 7 0
107.47 5839.50 7 0
124.39 2048.75 63 1
65.34 3114.25 15 0
66.69 3024.00 15 0
67.98 2921.25 15 0
296.28 2442.00 19 1
78.55 2568.25 15 0
82.50 2309.00 15 0
142.33 9160.50 15 1
124.25 2892.75 26 0
93.02 2065.50 15 0
94.33 2045.25 15 0
95.67 3996.25 15 0
100.92 1927.25 15 0
124.22 3354.75 28 1
58.61 6351.50 13 1
111.41 1848.50 7 1
115.33 1827.25 15 0
116.67 1834.50 15 0
119.27 9743.00 15 0
125.17 4026.75 15 0
124.22 4150.75 7 1
124.22 4192.25 48 0
133.61 1938.25 15 0
134.94 1947.00 15 0
141.44 886.50 15 0
125.41 4741.25 15 0
149.47 1538.75 15 0
152.08 9011.75 15 0
484.61 3974.50 6 0
162.53 1863.25 13 0
163.80 1904.50 12 0
165.11 1921.75 15 0
166.41 1961.50 15 0
167.70 2010.00 15 0
168.97 5449.25 15 0
124.25 1871.50 3 1
124.25 5659.75 2 1
178.17 2051.50 15 0
179.44 4008.25 15 0
186.06 1879.50 15 0
57.36 207.50 15 0
151.92 13336.50 15 0
197.86 1776.50 15 0
139.19 9689.00 15 0
89.69 3974.75 15 0
124.20 1781.75 12 1
212.25 1739.25 15 0
202.17 15835.25 15 0
222.67 1757.75 15 0
226.61 1783.00 15 0
227.91 1793.50 15 0
230.47 7460.50 15 0
264.91 7559.25 12 1
238.28 7518.00 15 0
124.23 7750.25 23 1
244.75 2109.00 15 0
248.67 2222.25 15 0
252.59 8180.50 15 0
82.75 3983.50 32 1
266.78 8624.75 15 0
270.66 3732.00 15 0
271.97 3893.75 15 0
128.14 4302.50 15 0
147.91 3151.50 34 0
4.33 9363.25 15 0
286.20 4842.75 15 0
288.80 5112.25 12 0
296.64 15589.25 10 0
100.56 9702.25 12 0
4.58 10073.75 7 1
311.03 10278.50 15 0
322.64 0.00 0 0
316.25 2663.50 15 0
93.23 10533.75 28 1
334.45 0.00 0 0
337.06 0.00 0 0
341.00 0.00 0 0
342.31 0.00 0 0
337.16 11094.50 12 0
378.84 43.75 0 0
352.78 0.00 0 0
346.33 13517.50 15 0
225.42 7757.50 43 1
351.55 7635.25 15 0
3.28 0.00 0 0
0.59 128.00 0 0
0.02 896.00 39 1
3.36 16240.00 15 0
332.03 3986.00 0 1
13.91 4556.50 11 0
15.20 3985.25 13 0
124.53 6424.75 34 1
29.44 768.00 0 0
28.28 4442.75 15 0
39.89 0.00 0 0
141.52 1103.50 15 0
39.88 9209.25 15 0
49.02 0.00 0 0
43.83 7274.00 8 0
191.36 14796.50 0 0
54.44 4286.50 13 0
55.75 3989.25 15 0
116.78 14543.50 7 1
111.81 3407.50 7 1
97.73 3279.50 11 0
238.55 3979.00 8 1
71.67 2704.50 15 0
81.47 3855.50 9 1
82.22 2314.00 15 0
69.95 1231.50 10 0
88.80 2140.75 15 0
92.75 2061.00 15 0
63.09 5839.50 15 0
97.98 1970.25 15 0
188.38 3975.50 15 0
58.89 9679.50 18 1
109.77 1854.00 13 1
57.03 13263.50 15 0
31.55 4111.50 15 0
128.03 1874.25 15 0
134.61 1947.00 7 0
12.53 12295.75 17 1
142.38 4668.50 15 0
55.23 14543.50 18 1
50.86 3791.50 18 0
153.05 1609.75 15 0
157.00 1687.00 15 0
116.23 5147.75 15 0
124.22 3988.75 54 1
124.61 5478.75 15 0
66.25 9167.50 45 1
124.25 5647.25 10 0
177.78 8783.50 15 0
63.30 1988.25 22 1
183.03 1934.25 15 0
124.22 3998.75 36 0
190.89 1827.50 15 0
197.47 1776.75 15 0
201.42 4889.25 15 0
205.33 1737.75 15 0
110.80 3974.75 62 1
211.83 1741.25 15 0
213.12 3987.00 15 0
124.20 6946.75 26 1
219.70 1729.25 15 0
220.98 1737.50 15 0
124.20 7154.75 15 0
227.50 7360.00 15 0
231.41 207.50 15 0
58.61 15311.50 29 1
60.95 9551.50 29 0
241.77 10025.00 15 0
245.67 2131.25 15 0
246.92 2173.75 15 0
249.50 8068.25 15 0
253.42 2401.50 15 0
256.72 2516.75 15 0
257.30 2573.00 15 0
258.58 8316.75 15 0
327.02 3979.50 56 1
267.59 3407.00 15 0
124.91 8687.75 15 0
275.30 4492.00 15 0
276.58 4664.00 15 0
279.19 8987.00 15 0
124.53 11491.75 45 0
301.19 0.00 0 0
302.50 0.00 0 0
156.09 11599.50 14 0
151.33 11340.50 19 1
303.98 4787.50 37 0
117.27 9852.75 14 0
124.59 166.75 43 1
1.23 0.00 48 1
315.73 14887.75 15 0
11.23 41.25 53 1
331.33 0.00 0 0
333.95 0.00 0 0
335.27 0.00 0 0
482.56 42.00 0 0
339.19 14784.50 0 0
337.98 1.00 15 0
349.66 44.00 0 0
117.58 11149.25 0 0
101.72 11274.25 13 0
4.03 0.00 0 0
7.97 7552.25 0 0
4.12 6792.00 15 0
6.83 4622.75 15 0
8.12 5967.50 15 0
14.64 6392.75 12 0
354.06 920.50 15 1
22.34 802.75 15 0
124.53 8399.50 53 1
32.94 4476.75 15 0
220.25 3985.50 15 0
290.52 6.25 0 0
470.17 150.75 42 1
158.20 2368.50 6 1
55.25 4214.25 15 0
114.42 4303.50 7 1
64.23 3080.50 38 1
125.12 2233.25 15 0
73.73 2636.50 15 0
75.09 2569.75 15 0
76.39 2520.25 15 0
77.69 2472.75 15 0
124.28 2421.75 10 1
85.58 1999.50 15 0
64.25 1359.50 46 0
62.95 975.50 11 0
282.38 3975.50 16 0
102.67 1911.25 15 0
124.22 3411.25 15 0
124.22 1741.50 19 0
124.42 3620.25 16 1
117.08 1830.50 15 0
125.00 3954.25 15 0
127.47 1879.50 15 0
128.80 1903.00 15 0
448.50 5383.25 45 1
137.94 1987.00 31 0
139.22 4539.25 15 0
143.12 2063.00 15 0
124.20 5128.75 6 0
161.56 1228.50 15 0
59.62 11855.50 20 0
124.23 2134.25 44 0
171.91 5586.25 15 0
124.25 5628.25 17 0
178.50 2043.25 15 0
28.70 1863.50 56 1
186.39 1875.25 15 0
57.73 2767.50 15 0
191.67 1821.75 15 0
194.27 1793.00 15 0
198.22 1775.25 15 0
202.19 1751.75 15 0
124.08 6677.75 15 0
125.97 6803.25 15 0
216.53 7010.25 15 0
282.42 8027.75 15 0
124.39 7262.75 15 0
124.20 7305.25 57 0
230.88 1836.00 15 0
124.22 7512.75 15 0
238.66 9950.00 15 0
242.56 9679.50 15 0
66.33 8783.50 30 0
252.94 2360.25 15 0
263.25 2936.75 15 0
264.56 9167.50 15 0
104.97 3982.00 33 1
461.05 3982.50 32 1
274.80 4403.50 14 0
372.08 3986.25 15 0
335.08 1635.00 22 1
286.48 4874.25 15 0
287.78 5028.50 10 0
289.09 5048.00 11 0
298.09 0.00 0 0
299.39 0.00 0 0
300.70 0.00 0 0
294.30 11685.00 9 0
403.16 3219.25 7 1
4.20 10000.75 11 0
308.73 4829.25 15 0
145.72 2880.50 0 0
321.66 0.00 0 0
316.58 12643.75 15 0
332.16 0.00 0 0
1.30 128.00 25 1
338.70 0.00 0 0
340.02 7246.50 0 0
336.19 6019.00 15 0
338.80 6185.50 15 0
347.88 128.00 0 0
346.64 7294.25 15 0
349.94 7356.00 14 0
350.55 32.00 14 1
2.28 7488.50 0 0
8.83 0.00 0 0
4.97 195.75 15 0
9.00 4657.75 15 0
254.03 146.25 15 0
394.05 3985.25 50 1
202.06 152.50 44 1
23.41 4484.50 13 0
24.72 4440.75 15 0
26.02 4469.25 15 0
27.33 4457.75 15 0
28.64 4450.25 15 0
38.94 0.00 0 0
20.12 4544.75 39 1
46.81 0.00 0 0
410.94 4741.50 15 0
50.89 5132.25 12 0
52.22 4004.00 14 0
124.48 1840.75 17 1
110.53 12495.50 7 0
64.17 3209.00 12 0
81.03 847.50 9 1
300.08 3977.00 15 0
404.31 11400.75 22 1
40.34 10319.50 18 1
62.58 9807.50 15 0
280.38 3975.50 16 1
101.11 15244.75 15 0
107.67 1872.25 15 0
111.62 1844.50 15 0
216.92 3975.00 15 0
42.44 11278.75 49 1
122.08 1845.50 15 0
123.38 1873.50 15 0
510.69 5263.50 15 0
129.86 1908.00 15 0
60.55 4367.50 16 0
137.73 1984.25 15 0
125.69 4620.25 15 0
124.22 1526.25 53 0
148.38 8146.75 15 0
152.33 1592.75 15 0
51.36 3983.50 19 1
30.61 3974.75 29 1
60.27 5071.50 7 1
124.53 5540.75 15 0
124.25 5668.25 60 1
124.23 5794.25 37 0
125.00 6005.25 15 0
124.22 6048.25 10 1
191.58 1821.00 15 0
192.94 1799.50 15 0
195.53 12091.25 15 0
199.48 1765.25 15 0
180.78 3974.75 15 0
6.78 2201.75 45 1
98.81 3974.75 0 1
212.58 1741.25 15 0
213.92 1750.00 15 0
215.20 1751.00 15 0
216.48 14927.50 15 0
221.75 1741.25 15 0
223.06 1753.00 15 0
224.36 4003.75 15 0
124.20 7264.25 42 0
229.56 1818.75 15 0
230.88 1894.00 15 0
233.48 1868.25 15 0
124.22 7596.75 15 0
378.92 3975.75 22 1
245.17 4126.75 15 0
251.64 2339.50 15 0
404.98 2569.50 49 1
259.42 7861.75 15 0
263.30 2931.75 15 0
124.38 8549.25 11 0
271.03 13391.50 15 0
274.86 4030.50 13 0
124.55 9003.75 18 1
125.08 9461.75 9 0
296.98 4952.50 15 0
92.36 9588.75 15 0
300.97 3209.25 11 0
413.17 3474.50 50 1
197.19 3987.50 47 1
311.41 4670.25 15 0
320.41 0.00 0 0
323.02 10112.00 0 0
319.25 10545.75 15 0
4.81 10797.75 0 0
333.59 14378.00 11 0
5.52 11132.75 15 0
349.20 14912.50 0 0
353.12 7232.00 0 0
347.94 2664.75 14 0
351.86 0.25 15 0
5.58 198.25 0 0
7.50 3535.50 0 0
10.30 658.75 15 0
124.22 539.25 11 0
486.09 3985.25 51 1
0.14 3968.00 17 1
33.86 15108.25 15 0
46.80 0.00 17 0
40.27 7759.50 13 0
235.16 7372.50 5 1
50.88 5137.25 12 0
54.86 4236.50 14 0
56.20 4011.25 15 0
58.81 3721.50 15 0
252.12 3981.25 15 0
97.11 6351.50 14 0
93.88 847.50 8 1
92.02 11599.50 8 0
70.73 2767.50 15 0
72.08 2697.50 15 0
83.36 5839.50 15 0
442.59 3977.50 9 1
56.30 2569.50 21 1
314.64 14282.50 15 0
89.17 2136.50 15 0
64.48 9551.50 15 0
94.23 2008.50 11 0
125.09 3191.25 15 0
125.00 3316.25 15 0
124.22 3357.75 47 0
124.41 3443.75 8 1
124.22 3486.25 16 0
124.22 3570.25 14 0
56.77 12367.50 15 0
56.69 1837.00 14 1
119.39 1840.75 15 0
491.28 5711.50 15 0
129.83 1908.25 15 0
124.22 4279.75 15 0
138.94 1997.25 15 0
140.27 2010.75 15 0
141.55 2046.00 15 0
146.92 1745.75 15 0
148.23 1665.25 15 0
149.58 1599.00 15 0
153.55 1618.00 15 0
156.09 1670.50 15 0
157.44 1696.50 15 0
58.20 15309.50 34 1
345.50 3975.50 20 1
124.23 5410.25 33 1
194.66 5845.75 52 1
178.22 2037.00 15 0
124.22 5958.25 7 0
124.22 5998.75 32 0
334.73 1807.50 4 1
194.08 12696.50 15 0
198.00 1776.50 15 0
124.20 4687.50 40 1
54.28 3974.75 25 0
212.39 5978.75 15 0
216.31 8028.25 15 0
222.86 1758.25 15 0
226.81 6905.00 15 0
230.69 3421.00 15 0
242.91 7590.25 18 1
124.23 7755.25 36 1
244.97 2109.75 15 0
248.86 6751.25 15 0
252.73 11002.50 15 0
263.09 2926.00 15 0
4.39 3980.25 15 0
270.83 8749.25 15 0
274.66 4313.00 15 0
275.94 4606.50 15 0
124.56 3985.25 48 0
292.75 0.00 0 0
286.34 4874.25 15 0
287.66 3000.00 12 0
300.58 0.00 0 0
76.61 9496.75 4 1
298.09 4824.75 15 0
346.73 2981.75 12 0
423.19 3987.25 40 1
311.20 4604.50 15 0
322.80 0.00 0 0
447.23 1938.50 33 1
330.64 0.00 0 0
334.56 0.00 0 0
337.19 0.00 0 0
108.41 10792.25 0 0
352.86 0.00 0 0
227.62 8012.50 43 1
3.30 0.00 0 0
4.59 230.75 0 0
8.52 0.00 0 0
492.00 154.50 43 1
11.28 444.00 15 0
15.20 4482.50 13 0
16.52 570.25 14 0
124.53 11584.50 30 0
124.89 820.75 15 0
124.53 3985.25 34 1
39.84 0.00 0 0
33.47 4498.00 15 0
37.42 4544.75 15 0
46.41 0.00 0 0
49.02 0.00 0 0
227.94 7744.50 5 1
156.17 150.25 58 1
51.77 4931.50 13 0
53.11 4339.25 15 0
55.75 6824.00 15 0
62.33 3361.25 7 1
63.64 3252.50 12 0
66.31 3027.50 15 0
70.28 2779.00 15 0
80.77 2367.75 9 0
82.09 3992.25 15 0
88.67 2141.75 15 0
90.03 2099.25 15 0
92.66 2064.25 15 0
95.27 2018.50 15 0
96.58 1984.25 15 0
99.22 1952.50 15 0
124.22 3342.25 41 1
58.95 8911.50 47 0
58.53 3023.50 13 1
111.00 9806.00 15 0
114.92 1829.00 15 0
116.20 1829.75 15 0
117.55 1831.50 15 0
124.75 1868.00 15 0
125.33 15943.75 15 0
124.22 4136.75 21 1
124.22 4178.25 41 1
130.22 1921.00 63 1
133.17 14666.75 15 0
143.61 1969.00 15 0
344.97 3974.75 15 0
150.56 1560.00 53 1
151.62 1585.50 15 0
152.94 1600.50 15 0
154.19 1627.75 15 0
109.47 5184.25 15 0
165.92 4303.50 15 0
66.23 3023.50 50 0
174.30 2119.75 21 0
176.36 5713.75 15 0
124.23 5852.75 15 0
124.22 5978.25 7 0
190.78 6178.50 15 0
350.69 12248.50 15 0
198.64 10575.50 15 0
202.56 1745.00 15 0
203.89 1740.00 15 0
205.20 1742.25 15 0
124.48 6692.25 15 0
210.38 1745.00 15 0
216.94 7008.75 15 0
124.81 7150.75 15 0
124.20 7275.75 30 0
258.20 3975.00 61 1
232.56 1874.25 15 0
235.12 6685.50 15 0
241.61 2025.75 15 0
242.91 2065.00 15 0
244.22 7856.25 15 0
72.27 10575.50 22 0
128.50 3977.75 31 0
258.44 1737.25 15 0
193.02 3979.50 52 1
457.03 3661.00 48 1
271.36 11753.50 15 0
277.06 4705.75 37 1
279.05 4629.00 15 0
280.34 4570.50 15 0
281.67 4486.25 15 0
318.97 36.50 15 0
293.34 5019.00 12 0
301.25 4798.25 12 0
302.53 14906.00 12 0
178.89 3987.50 38 1
1.23 128.00 3 0
315.58 4865.25 15 0
319.50 4787.50 15 0
0.50 9408.50 0 0
335.05 0.00 0 0
336.36 0.00 0 0
338.97 0.00 0 0
446.89 14890.00 0 0
349.41 0.00 0 0
353.33 11712.00 0 0
349.47 684.00 12 0
1.19 64.00 0 0
357.39 5155.00 14 0
6.42 192.00 0 0
9.03 15296.00 0 0
7.88 4666.00 15 0
11.78 4645.25 15 0
20.77 3217.50 0 0
137.72 12495.50 0 0
196.78 8192.50 2 1
23.53 837.25 15 0
124.53 14144.50 32 1
31.25 6950.00 8 0
124.69 1087.25 15 0
46.86 9216.00 0 0
49.47 0.00 0 0
42.97 0.00 15 0
45.62 6346.75 11 0
57.30 1670.75 0 0
124.58 1713.75 40 0
56.19 4043.75 15 0
60.16 3543.25 15 0
108.39 2052.75 40 0
112.27 3978.75 23 1
74.67 2580.50 15 0
76.00 2532.25 15 0
125.30 2516.25 15 0
510.31 3976.75 19 1
224.31 3976.75 60 1
124.33 3976.50 17 1
124.25 2895.75 59 1
94.41 3105.25 15 0
124.23 8015.50 6 0
107.55 1874.50 42 1
111.44 1846.25 15 0
112.78 3975.00 15 0
238.44 3975.00 45 1
298.45 3975.00 29 1
123.19 14799.50 15 0
58.66 3983.50 15 0
124.22 1953.75 50 0
133.62 4370.25 15 0
62.78 11983.50 17 0
144.06 1927.75 15 0
152.11 1585.75 15 0
323.34 3974.25 15 0
18.62 3207.25 15 1
166.39 1960.00 15 0
167.67 1999.50 15 0
124.25 5573.25 8 1
124.25 5616.75 34 0
178.12 6337.25 15 0
62.00 1935.50 22 0
184.73 2876.50 15 0
338.67 15384.25 15 0
308.77 6342.75 38 1
203.12 2905.50 15 0
207.03 1743.00 15 0
208.33 3546.00 15 0
210.98 1743.75 15 0
212.30 5338.50 15 0
124.88 6959.75 15 0
221.42 1741.00 15 0
222.75 3974.75 15 0
52.88 3975.00 39 0
125.12 7543.25 15 0
124.22 7583.75 52 0
243.47 2074.75 15 0
244.77 2108.50 15 0
246.03 2141.75 15 0
247.34 2185.25 15 0
248.64 3976.75 15 0
368.72 3977.25 31 1
259.06 4006.25 15 0
88.61 7759.50 32 0
124.34 8497.25 27 0
269.38 3590.50 15 0
466.69 3983.00 15 0
124.55 8865.25 24 0
280.95 4519.25 15 0
138.30 4544.50 35 1
286.16 3235.75 15 0
299.06 0.00 24 1
300.36 0.00 0 0
293.95 10493.00 8 0
100.61 9931.50 16 0
151.61 9292.50 37 1
428.44 2451.50 11 0
317.19 0.00 33 1
310.97 4606.50 15 0
124.58 10159.75 0 0
330.44 0.00 0 0
331.73 128.00 0 0
334.36 8000.50 0 0
340.88 0.00 0 0
337.05 11117.25 11 0
4.72 11242.75 0 0
224.03 3932.50 43 1
4.94 0.00 27 0
3.08 0.50 0 0
7.00 13248.00 0 0
3.14 6836.50 15 0
4.44 13952.50 15 0
11.03 4641.25 15 0
12.33 437.25 14 0
17.56 4424.00 15 0
21.31 660.00 7 0
33.22 4499.75 15 0
35.81 4521.25 15 0
43.53 7319.75 7 0
92.73 1520.25 58 1
167.09 11852.50 6 1
26.23 11910.75 6 1
55.41 4180.75 15 0
56.72 3984.00 15 0
394.22 3982.50 15 0
412.23 3213.00 1 1
124.23 2112.25 43 1
124.36 4649.25 47 0
72.58 2679.75 8 0
124.30 3919.50 21 1
85.70 3976.50 15 0
444.34 3976.00 46 1
124.23 3078.25 43 1
61.16 1231.50 12 1
428.39 1888.00 25 1
106.66 1876.25 15 0
109.95 1863.00 15 0
110.58 1847.75 15 0
307.91 12238.00 15 0
114.48 9039.50 15 0
57.30 3535.50 14 0
120.98 1794.50 15 0
122.28 1843.00 15 0
140.48 3975.25 15 0
59.72 1935.50 16 1
135.31 1956.75 15 0
472.62 3975.50 15 0
454.53 13905.50 38 1
143.09 2058.25 15 0
144.47 3282.00 15 0
125.11 4795.25 15 0
151.11 14415.50 15 0
124.19 3974.50 17 1
54.61 3974.75 31 1
124.20 5169.25 42 1
162.88 1875.75 14 0
165.44 1927.00 15 0
166.75 1976.00 15 0
168.03 10959.50 15 0
173.23 16341.75 15 0
455.16 10326.25 15 0
125.12 5879.25 15 0
124.22 6006.25 22 1
191.62 2141.50 15 0
54.20 847.50 47 1
61.39 3974.75 15 0
125.30 3974.75 15 0
211.22 1742.00 15 0
213.81 6935.25 15 0
124.20 6967.75 33 0
220.34 1733.25 15 0
221.62 3987.25 15 0
124.20 7216.75 36 1
124.91 7301.75 15 0
232.06 1858.25 15 0
123.84 222.25 15 0
125.78 7883.25 15 0
254.09 13536.00 15 0
257.95 2607.25 15 0
259.25 96.50 15 0
261.86 2842.50 15 0
108.20 3982.50 33 0
124.52 8829.75 39 1
381.08 3986.00 44 0
282.42 4459.75 15 0
100.58 5171.25 58 1
297.92 0.00 0 0
294.11 5057.75 10 0
295.39 0.00 14 0
298.03 4917.50 15 0
151.05 16331.50 37 0
125.89 9872.25 12 0
320.11 0.00 0 0
316.34 4754.75 15 0
317.64 11494.25 15 0
331.91 10688.00 0 0
335.81 10816.00 0 0
339.73 0.00 0 0
1.33 128.00 11 1
1.33 3712.00 53 1
215.31 152.00 16 1
1.34 1472.50 50 1
351.50 3968.00 0 0
499.34 3484.25 10 1
117.89 11207.25 43 1
390.47 2987.75 29 1
1.94 0.00 0 0
5.84 0.00 0 0
12.38 0.00 10 0
5.89 5071.50 15 0
5.92 646.75 15 0
141.83 3791.50 12 0
124.53 568.75 34 1
124.53 6367.25 2 1
20.27 6343.00 15 0
24.28 4459.75 15 0
25.59 4459.75 15 0
26.91 3996.50 15 0
124.53 14784.50 19 1
36.05 1493.75 15 0
39.80 9233.75 15 0
48.95 1600.00 0 0
43.77 7264.00 9 0
214.17 3224.00 13 1
50.36 5314.75 13 0
55.67 3931.25 15 0
58.33 7910.50 15 0
124.23 2078.25 9 1
71.59 2721.25 8 0
386.84 15241.25 15 0
76.86 2366.50 15 0
79.42 2404.75 15 0
80.77 11087.50 15 0
71.16 2191.50 10 1
87.31 2818.50 15 0
92.55 15770.75 15 0
95.20 2020.25 15 0
99.11 4002.00 15 0
60.03 3975.25 12 0
124.22 3507.25 18 1
112.14 1845.00 58 1
117.41 3975.00 15 0
56.95 15823.50 52 0
126.02 2831.75 15 1
130.36 1921.75 15 0
134.33 1935.75 15 0
138.22 1983.50 15 0
140.83 2033.50 15 0
144.83 1878.75 15 0
328.11 3974.50 15 0
358.58 3974.00 6 1
462.59 3974.25 45 1
159.34 1742.00 15 0
163.22 5274.75 14 0
169.64 2096.50 35 1
177.56 2051.00 15 0
178.86 2031.00 15 0
181.44 1982.00 15 0
60.11 11727.50 15 0
58.17 11343.50 23 0
191.98 1820.00 15 0
195.94 1783.00 15 0
199.91 1761.00 15 0
201.20 1749.75 15 0
94.78 2438.75 58 1
207.72 1735.25 15 0
211.05 1741.25 15 0
211.67 1740.00 15 0
214.97 1748.50 15 0
125.58 6981.75 15 0
222.11 1753.50 15 0
225.98 7346.00 15 0
139.92 15453.00 15 0
124.23 1615.50 7 0
65.53 12495.50 30 0
124.25 7939.75 30 0
71.89 16335.50 8 0
73.33 10831.50 31 1
258.50 2635.00 60 1
259.80 2694.75 15 0
125.05 8395.75 15 0
125.66 8519.25 15 0
110.38 719.50 37 1
471.41 3983.50 15 0
146.72 3151.50 34 0
124.55 2635.50 42 0
295.88 0.00 0 0
299.80 0.00 0 0
1.39 3968.00 12 0
159.16 2963.50 19 0
447.17 3218.50 18 1
306.47 5092.25 13 0
307.77 3407.50 12 0
4.55 10220.75 26 0
320.70 64.50 0 0
329.83 10639.75 0 0
106.06 42.00 10 0
337.72 2752.50 0 0
336.50 19.50 11 0
348.17 11225.25 0 0
352.09 7503.50 0 0
225.27 3406.50 43 1
2.55 11392.00 0 0
278.45 1.00 0 0
6.61 3986.00 15 0