57.91 4746.75 10 0
86.86 1865.25 15 0
87.50 2773.25 15 0
124.22 2814.25 9 1
124.22 2822.75 24 1
124.22 1871.25 11 0
88.61 1863.75 15 0
88.86 1852.75 15 0
89.28 2871.25 15 0
90.42 1865.25 15 0
90.64 1877.50 15 0
91.72 1888.25 15 0
125.95 2956.25 15 0
59.55 3975.25 11 0
93.55 1916.25 11 0
43.72 10699.75 15 0
94.86 1918.50 15 0
124.22 5189.25 54 1
97.27 1933.00 15 0
99.05 1945.00 19 1
125.30 3190.75 15 0
100.39 1964.75 15 0
101.52 1987.00 12 0
22.39 3975.75 5 1
102.81 2013.50 15 0
124.23 3312.25 15 0
124.23 55.25 30 0
111.42 5056.00 0 0
124.23 3376.25 52 1
106.66 13645.50 15 0
58.92 3445.75 13 1
109.05 1769.00 15 0
55.22 14031.50 15 0
110.00 1701.00 13 0
110.41 1689.75 15 0
110.62 15181.75 15 0
396.42 3974.25 34 1
318.42 3526.25 42 1
124.19 4024.75 28 1
113.58 7694.25 15 0
174.20 9166.25 15 0
426.44 3974.00 43 1
116.00 2305.00 15 0
116.19 1632.50 19 1
117.97 1622.50 15 0
118.42 1645.25 15 0
266.64 12814.75 15 0
119.70 1667.75 15 0
119.94 3023.50 15 0
120.56 1692.50 15 0
121.05 1697.75 15 0
121.20 3974.50 15 0
121.88 1723.50 15 0
122.09 3974.50 15 0
464.47 4943.25 11 1
122.98 11731.50 15 0
55.17 13644.50 15 1
55.44 714.50 15 1
100.31 3991.25 14 0
125.38 4007.50 15 0
126.05 3215.75 15 0
127.11 1874.25 10 0
127.38 1882.75 11 0
451.53 10703.75 10 0
129.11 1934.25 10 0
129.31 1956.75 15 0
129.55 1961.75 15 0
2.50 1991.75 12 1
130.89 4192.00 15 0
124.23 4208.75 48 1
132.16 4826.75 15 0
65.62 3983.50 16 0
66.16 3976.25 16 0
67.02 975.50 16 0
66.52 3976.50 18 1
142.52 0.00 0 0
142.73 3976.25 0 0
124.25 4354.75 51 0
124.25 4398.25 13 1
124.25 3976.25 5 1
246.55 11793.25 15 0
139.20 13519.50 15 0
64.62 2511.50 17 1
140.53 3975.75 15 0
63.69 4495.50 17 0
23.61 9297.75 15 0
142.27 2001.00 15 0
124.55 1927.75 44 1
144.06 1974.50 15 0
144.69 4642.75 15 0
125.41 4666.25 15 0
124.56 4688.25 2 1
490.56 9679.50 22 1
59.58 11471.50 18 1
374.56 3975.25 58 1
124.22 4752.25 29 1
58.31 9551.50 18 0
124.22 4793.75 16 1
74.58 3975.25 1 1
403.09 13970.75 15 0
151.78 1838.50 15 0
66.02 12307.00 15 0
153.52 1831.00 15 0
155.78 3975.00 15 0
154.59 1807.00 7 1
155.02 4976.25 15 0
125.75 4996.25 15 0
124.20 5004.75 57 0
124.20 5012.25 61 1
464.20 3974.75 62 1
158.17 4855.50 15 0
158.84 1774.25 15 0
159.06 1779.00 15 0
159.23 1773.00 15 0
159.45 1778.00 15 0
159.72 1775.75 15 0
160.16 1772.50 15 0
160.38 5152.50 15 0
160.83 9236.00 15 0
125.47 5181.75 15 0
124.20 5189.25 19 0
162.56 1752.75 15 0
124.20 5223.25 15 0
124.20 5245.75 15 0
54.72 4687.50 20 0
164.80 2196.50 15 0
423.27 6740.50 15 0
125.88 5323.25 15 0
124.53 5343.75 15 0
124.20 5350.75 15 1
167.70 1727.25 15 0
75.88 3974.75 15 0
169.02 5423.25 15 0
170.06 1732.25 15 0
170.75 1718.50 15 0
53.94 11727.50 15 0
53.62 975.50 21 1
172.72 1736.75 15 0
172.97 1726.50 15 0
53.89 847.50 21 0
124.20 5576.75 1 0
154.67 3974.75 4 1
175.16 1730.25 15 0
175.84 1728.75 15 0
176.53 1746.25 15 0
124.20 13413.25 13 1
124.20 7631.50 12 1
54.47 9551.50 22 1
124.66 5747.25 22 1
179.83 1749.25 15 0
180.30 1756.75 15 0
180.48 8143.50 15 0
54.02 1730.50 22 0
181.66 5827.75 15 0
182.80 1716.50 15 0
124.20 5877.75 7 0
184.12 1743.00 15 0
184.84 1737.75 15 0
185.47 5912.25 15 0
124.20 5972.75 15 0
187.31 1763.75 15 0
188.02 1779.00 15 0
124.20 6036.75 50 0
189.36 1790.75 15 0
56.06 335.50 23 0
190.44 1798.50 15 0
57.39 15183.50 15 0
192.53 6173.75 15 0
193.66 1849.00 15 0
193.88 1855.50 15 0
124.11 6217.75 15 0
124.22 6224.75 2 0
194.95 1862.50 15 0
116.75 1863.25 54 1
196.31 1872.00 15 0
196.58 1893.00 15 0
197.05 1892.50 15 0
197.23 1900.75 15 0
197.47 1902.75 15 0
197.70 1915.75 15 0
198.36 1925.25 15 0
198.59 1928.00 15 0
199.06 1940.25 15 0
125.72 6406.25 15 0
200.83 1971.00 15 0
18.78 6471.75 26 1
203.48 6526.25 15 0
124.23 5071.50 36 1
63.56 3976.00 25 0
206.00 6618.25 15 0
124.69 6628.75 15 0
207.84 2124.50 15 0
124.25 3325.25 58 0
68.55 5071.50 26 1
211.05 2223.75 15 0
211.31 14287.50 15 0
125.97 6797.75 15 0
70.69 9423.50 15 0
213.80 2312.50 15 0
152.83 3977.00 15 0
324.83 3977.00 17 1
215.19 6901.25 15 0
124.28 3023.50 17 1
124.28 8527.50 49 1
217.27 2442.50 15 0
217.73 2467.50 15 0
77.95 3407.50 15 0
224.64 3977.75 27 1
218.84 2544.50 36 1
125.78 7047.75 15 0
220.97 2623.25 15 0
125.17 7092.75 15 0
502.31 3978.25 34 1
486.86 3978.50 25 1
88.33 6991.50 58 1
72.88 3979.50 11 1
226.72 3011.25 7 1
95.23 13647.50 28 1
228.12 3113.25 15 0
160.34 3980.25 15 0
124.39 7343.75 40 1
105.00 1487.50 15 0
124.41 10959.50 48 1
396.89 3981.50 50 1
232.03 3542.00 15 0
124.23 7447.25 15 0
114.94 11471.50 15 0
124.44 7476.75 47 1
233.88 3789.75 15 0
234.08 3832.75 15 0
234.31 3820.25 15 0
46.91 3983.25 25 1
235.45 7523.75 15 0
124.48 7557.25 35 1
132.70 12623.50 29 0
237.98 4473.00 15 0
238.69 4534.75 15 0
239.38 4661.75 15 0
254.92 3986.50 13 0
240.75 4682.75 15 0
319.00 13278.00 15 0
241.48 3986.75 15 0
242.62 4618.75 15 0
130.03 9758.50 15 0
245.19 4450.25 15 0
139.44 15695.50 15 0
350.95 3729.25 19 1
48.95 11840.50 42 1
255.67 0.00 0 0
255.91 8196.75 0 0
256.38 0.00 0 0
256.59 6848.00 0 0
249.81 4969.00 15 0
250.06 3505.50 15 0
250.98 4894.75 11 0
164.97 3986.75 54 1
498.97 3986.50 62 1
252.38 4816.00 15 0
148.62 8911.50 15 0
149.30 14415.50 15 0
253.98 4772.25 15 0
254.47 8157.25 15 0
198.98 3986.75 52 1
264.00 0.00 0 0
1.22 11328.50 12 0
266.06 8282.25 0 0
259.05 12490.50 15 0
155.05 3987.50 32 0
116.59 8363.75 1 1
159.81 2511.50 10 0
124.56 8415.25 63 0
35.69 1569.00 15 0
264.83 4754.75 15 0
124.56 3986.50 59 1
147.03 7503.50 14 1
148.78 9295.50 33 1
147.84 11087.50 33 1
267.59 4724.75 15 0
151.81 16192.50 15 0
276.66 0.00 0 0
269.17 15009.50 14 0
270.09 5129.75 52 1
270.33 3753.50 10 0
411.05 19.50 25 1
271.48 4959.50 13 0
271.05 3986.75 15 0
280.58 128.00 0 0
274.03 4580.50 15 0
274.28 4604.50 15 0
124.55 8792.25 15 0
282.30 0.00 0 0
282.97 0.00 0 0
191.06 147.00 0 0
284.31 0.00 0 0
284.97 11712.00 0 0
278.61 4028.25 15 0
279.95 8966.25 14 0
280.41 4729.00 15 0
281.06 12367.50 15 0
281.72 4816.00 15 0
282.17 4818.25 15 0
282.39 4881.00 15 0
124.62 9051.25 15 0
4.98 9318.75 11 0
291.44 15424.50 0 0
292.09 128.00 0 0
292.77 0.00 0 0
293.22 0.00 0 0
293.44 128.00 0 0
294.11 0.00 0 0
294.55 9408.00 0 0
427.22 36.75 0 0
289.25 5635.50 10 0
297.22 0.00 0 0
289.92 9539.75 11 0
298.33 9561.25 0 0
300.11 0.00 0 0
300.78 9639.75 0 0
301.45 0.00 0 0
301.89 0.00 9 0
302.12 0.00 0 0
302.56 0.00 0 0
303.23 0.00 0 0
303.91 0.00 0 0
304.36 0.00 9 0
304.58 8384.50 0 0
305.69 0.00 0 0
305.91 38.25 0 0
306.27 0.00 0 0
298.92 6304.75 14 0
299.16 6145.50 15 0
307.14 0.00 0 0
307.59 0.00 0 0
300.05 6444.50 11 0
300.27 6267.00 14 0
300.48 6263.25 15 0
308.47 0.00 0 0
308.92 0.00 0 0
309.58 0.00 0 0
1.20 128.00 1 1
310.69 0.00 0 0
311.36 0.00 0 0
312.02 0.00 0 0
312.25 0.00 0 0
312.69 0.00 0 0
313.36 0.00 0 0
314.02 0.00 0 0
314.47 0.00 0 0
0.69 9280.50 0 0
315.80 0.00 0 0
309.11 7279.00 13 0
367.33 3996.00 15 0
227.78 16332.50 38 0
226.36 7244.50 38 0
310.44 7282.50 13 0
124.86 3491.75 55 0
165.20 2715.25 50 1
312.20 7299.50 11 0
312.42 7314.75 15 0
312.66 7223.75 14 0
312.88 7269.00 14 0
321.33 14656.00 0 0
322.45 7360.00 0 0
324.22 0.00 0 0
316.83 8717.75 13 0
317.48 14695.50 11 0
1.27 128.00 0 1
326.44 0.00 0 0
327.11 0.00 0 0
5.77 10502.75 0 0
328.88 0.00 0 0
329.55 0.00 0 0
330.25 0.00 0 0
323.05 10325.50 11 0
77.55 10372.75 0 0
324.78 10050.50 7 0
319.02 8104.50 7 0
333.73 0.00 0 0
326.53 8009.50 8 0
203.20 2470.75 6 0
19.27 1257.00 52 1
328.94 8425.00 8 0
329.80 9705.25 12 0
330.45 10619.25 13 0
117.19 10596.25 50 1
299.94 13248.50 41 1
5.83 10881.75 0 0
332.84 10338.75 15 0
341.36 10880.00 0 0
158.02 3433.75 0 0
4.81 10979.25 7 0
343.75 0.00 0 0
344.41 1258.00 0 0
337.64 9964.25 34 1
308.44 4302.50 42 1
399.31 3494.00 31 1
310.48 11968.50 42 1
347.67 0.00 0 0
347.89 0.00 0 0
348.11 0.00 0 0
248.39 7883.50 15 0
248.02 43.50 42 0
349.42 15296.00 0 0
350.52 0.00 0 0
351.16 13120.00 0 0
351.81 3401.50 0 0
352.47 0.00 0 0
345.05 9796.25 8 0
345.28 11056.25 8 0
85.20 4022.75 44 1
294.00 3017.50 43 1
346.31 7760.00 15 0
346.52 138.00 15 0
355.41 0.00 0 0
1.38 2688.00 0 0
122.73 44.50 40 1
100.88 11179.25 10 0
196.73 14400.50 40 1
350.20 6131.00 15 0
358.17 2688.00 11 0
350.75 9598.25 11 0
305.23 13632.50 12 0
352.45 9741.25 10 0
352.67 6049.50 9 0
353.17 6222.25 9 0
1.58 64.00 0 0
2.22 84.75 0 0
355.09 10560.50 8 0
356.81 6032.00 10 0
4.75 166.75 51 0
5.84 3200.00 15 0
100.64 11490.25 15 0
359.70 9759.50 14 0
35.91 2240.00 12 0
1.20 128.00 44 1
10.95 0.00 0 0
11.17 0.00 0 0
11.59 0.00 0 0
1.81 128.00 0 0
12.88 0.00 0 0
14.58 448.00 0 0
15.22 501.25 0 0
108.73 293.75 23 0
9.39 582.25 14 0
194.56 2.25 14 0
18.97 13775.50 0 0
169.70 128.50 1 1
13.00 5304.00 14 0
35.67 11841.75 11 0
116.59 473.25 45 0
116.58 480.25 49 0
15.47 4525.00 0 0
15.69 4494.00 15 0
16.81 4359.50 15 0
17.47 4246.75 15 0
244.06 4816.00 4 1
18.80 10447.50 15 0
152.06 3983.25 47 1
19.92 3879.50 15 0
20.14 3726.75 15 0
20.83 4002.50 15 0
22.14 3564.75 15 0
22.59 1090.75 15 0
23.25 3475.50 15 0
435.47 12674.75 15 0
110.08 3981.25 62 1
24.61 3369.75 15 0
25.05 3321.00 15 0
39.70 9859.25 15 0
490.09 3980.25 12 1
124.58 858.75 3 1
138.09 3980.25 33 1
116.09 3980.25 40 1
486.09 3980.00 47 1
28.36 3064.50 15 0
124.59 922.25 15 0
93.05 12111.50 15 0
92.95 911.50 3 0
30.16 979.75 15 0
124.34 10447.50 36 1
124.34 1007.75 5 1
124.33 1029.75 26 0
32.58 2802.00 15 0
32.80 2777.75 15 0
33.27 9601.00 15 0
34.59 2683.25 10 0
152.12 3978.25 41 1
306.12 3978.25 48 1
35.94 2615.00 15 0
124.17 1172.75 15 0
36.83 2588.75 15 0
37.28 2574.25 15 0
37.52 3977.75 15 0
124.30 1221.75 40 0
38.61 2515.00 15 0
76.86 10575.50 15 0
386.14 3977.50 55 1
330.14 3977.50 63 1
40.64 2433.50 15 0
40.86 2434.00 15 0
41.08 2415.25 15 0
41.30 2412.50 15 0
446.16 3977.00 14 1
43.11 2348.25 15 0
125.31 1400.75 15 0
44.00 2289.00 15 0
44.23 3989.00 15 0
124.27 1443.25 15 0
45.36 2284.50 15 0
45.78 2028.00 15 0
124.27 7630.75 33 1
47.12 3985.75 15 0
100.17 3976.75 50 1
49.14 2178.50 15 0
49.58 15686.25 15 0
352.19 5711.50 8 1
144.19 3976.25 44 1
52.03 1671.00 15 0
52.72 1701.75 15 0
53.41 2079.50 15 0
467.59 8838.50 15 0
124.03 1744.25 15 0
55.19 1735.75 15 0
124.23 1786.75 54 1
56.08 2041.75 15 0
56.52 7803.50 15 0
57.61 2015.75 15 0
62.58 3975.75 7 1
52.22 3975.75 38 1
59.88 1930.25 15 0
61.22 9935.50 7 0
61.69 1945.25 15 0
61.91 3023.50 15 0
60.38 8399.50 14 1
63.48 1932.50 11 0
64.38 1925.50 15 0
65.48 1921.00 15 0
158.25 9544.25 6 1
59.45 8911.50 8 1
264.25 3975.25 40 1
67.94 1903.50 15 0
68.64 1872.50 15 0
212.84 3975.25 15 0
96.27 9295.50 20 1
124.22 2297.75 12 0
124.22 1851.25 7 1
72.45 1856.50 15 0
411.14 13449.00 15 0
73.77 1854.00 15 0
74.00 1834.75 15 0
74.27 1842.25 15 0
74.48 7664.00 15 0
75.12 13007.50 15 0
57.22 15055.50 9 1
125.45 2440.75 9 1
56.45 7887.50 15 0
77.62 1806.25 15 0
124.27 2519.75 15 0
248.30 3975.00 45 1
80.03 8747.75 15 0
80.75 1820.50 15 0
125.33 2618.75 15 0
82.08 4047.50 15 0
82.75 3975.00 15 0
83.83 2735.25 15 0
84.48 1828.50 15 0
246.73 12170.50 15 0
124.22 2760.75 6 0
124.22 3975.00 4 0
508.33 2503.00 31 1
72.33 1865.75 59 1
88.30 1870.25 15 0
88.53 2817.75 15 0
124.22 2955.00 17 1
26.22 2379.25 6 0
90.75 1901.00 15 0
274.34 1905.50 45 1
92.06 2961.25 15 0
124.22 2968.75 39 1
124.22 2974.25 43 1
124.22 2981.75 45 0
124.22 2989.75 49 1
124.22 2996.25 54 1
94.52 1907.25 15 0
95.19 1905.50 15 0
95.39 3977.50 15 0
500.36 3975.25 60 1
97.66 1936.00 15 0
98.28 1945.75 15 0
98.50 8015.50 15 0
61.31 13775.50 7 0
100.08 1959.00 12 1
100.28 6095.50 15 0
61.91 8015.50 12 0
102.08 1989.00 15 0
102.28 3985.00 15 0
124.23 3294.75 15 0
110.67 0.00 0 0
104.09 2034.50 15 0
124.23 3351.75 52 1
124.23 3374.25 59 1
124.23 3395.75 24 0
396.41 3975.25 29 1
107.61 1859.75 15 0
108.30 1811.00 15 0
108.58 14144.50 15 0
109.02 3502.75 15 0
124.19 3570.25 58 0
50.30 2383.50 6 1
124.19 3598.75 1 0
112.94 1567.00 15 0
113.45 1554.25 15 0
113.64 1103.50 15 0
48.89 2895.50 14 1
114.80 1567.50 15 0
115.39 3697.00 15 0
138.06 16142.50 15 0
124.19 3772.75 6 1
324.45 3974.25 35 1
370.45 3974.25 19 1
119.00 1659.75 15 0
119.70 1669.25 15 0
121.02 1699.25 15 0
121.27 1709.25 15 0
361.47 3974.50 15 0
54.66 8271.50 15 1
55.22 3462.75 15 1
124.80 4007.75 11 0
125.44 1841.50 15 0
125.70 1838.50 14 0
125.92 1848.75 14 0
126.16 4051.25 14 0
92.48 4073.75 27 1
124.22 4094.75 7 1
124.22 1861.25 41 1
128.61 1922.75 15 0
60.75 10575.50 15 0
129.92 1967.00 15 0
102.50 3975.75 15 0
508.50 3975.50 19 1
62.89 7247.50 16 1
131.33 2028.00 15 0
132.62 2107.25 15 0
133.30 2127.00 15 0
133.50 2132.25 15 0
133.73 2139.00 15 0
133.95 2164.75 15 0
141.47 0.00 0 0
68.39 5199.50 15 0
142.58 0.00 0 0
446.52 3976.25 15 0
137.08 2121.50 15 0
418.53 3976.00 7 0
138.84 2088.25 17 1
139.09 12751.50 15 0
139.77 2052.25 15 0
64.02 7119.50 17 0
63.62 3975.75 17 0
124.23 3974.75 20 1
124.55 3975.75 21 1
106.55 3975.75 28 1
102.55 3975.75 43 1
144.03 1973.75 15 0
144.91 1941.75 15 0
61.12 11087.50 15 0
61.61 463.50 15 0
412.56 4679.25 23 1
124.22 15083.75 50 0
148.52 1875.75 15 0
430.58 3975.00 7 1
444.58 3975.00 30 1
151.61 1826.25 15 0
152.27 1828.50 15 0
152.52 1830.25 15 0
152.95 4896.00 15 0
23.61 7251.25 15 0
124.30 4962.75 15 0
155.75 1799.00 15 0
155.97 1793.00 15 0
54.67 9167.50 15 0
124.20 5048.75 57 0
124.20 5085.25 55 0
124.20 3974.75 48 0
334.61 12436.00 50 1
160.30 1771.00 15 0
161.38 1761.50 15 0
161.64 1751.50 15 0
54.89 2511.50 20 1
162.77 1743.75 15 0
163.42 1749.25 15 0
164.12 1745.75 15 0
164.80 3981.75 15 0
165.91 1741.25 15 0
166.14 3979.75 15 0
40.64 2438.75 19 1
167.27 1428.75 15 0
167.91 3266.00 15 0
124.20 5418.75 2 1
54.12 5583.50 21 1
171.08 1720.75 15 0
171.33 1702.75 15 0
171.58 4026.50 15 0
436.66 1734.50 56 1
172.45 1721.75 15 0
172.64 1719.50 15 0
173.12 1755.25 15 0
173.38 1736.00 15 0
173.55 1732.25 15 0
173.83 1736.00 15 0
4.03 3974.75 15 0
175.61 1726.75 15 0
176.28 1739.75 15 0
124.20 5662.75 15 0
54.03 13135.50 15 0
264.69 3974.75 3 1
164.69 5718.75 8 1
124.20 11471.50 20 0
179.56 1752.50 15 0
54.81 2383.50 22 0
180.69 1734.50 15 0
181.41 5765.50 15 0
26.70 3974.75 17 1
183.42 1731.00 15 0
88.70 3974.75 59 1
184.75 1749.75 15 0
185.20 1758.50 15 0
124.20 5948.75 15 0
260.11 3974.75 15 0
186.97 1774.75 23 1
187.23 1777.25 15 0
298.72 3974.75 53 1
55.42 2639.50 23 1
188.98 1766.50 15 0
124.20 6069.25 62 0
500.73 3974.75 59 1
210.73 2263.75 12 1
191.03 1811.50 15 0
191.23 6127.25 15 0
191.70 1818.00 15 0
191.94 1823.25 15 0
192.39 6494.00 15 0
194.17 6260.50 15 0
318.78 2520.25 15 0
195.94 1870.25 15 0
196.61 1883.50 15 0
58.97 16079.50 24 0
199.31 1908.00 24 0
124.59 6369.75 15 0
199.28 1926.25 15 0
199.48 14287.50 15 0
200.42 1933.50 15 0
61.31 3983.50 25 1
62.00 9935.50 25 1
62.92 11599.50 25 1
124.23 6523.75 25 1
124.23 11458.75 36 1
204.53 6575.00 15 0
205.17 13377.50 15 0
64.61 15055.50 25 0
206.23 2085.00 15 0
206.45 2090.75 15 0
500.80 3976.00 30 1
207.59 2121.00 15 0
207.83 3971.50 15 0
330.25 3976.25 14 1
210.00 2180.75 58 0
124.20 6741.75 15 0
88.81 1608.75 42 1
211.97 6813.75 15 0
124.27 6804.25 36 1
266.27 1050.50 33 1
214.36 2340.50 15 0
215.03 6904.25 15 0
124.28 1142.75 17 1
216.80 2437.25 15 0
217.44 2473.75 15 0
217.64 2482.00 15 0
218.08 2507.25 15 0
218.31 2517.25 15 0
218.55 3997.00 15 0
78.97 11599.50 15 0
79.80 6991.50 27 1
220.05 2622.75 15 0
220.70 2621.50 15 0
221.16 2662.25 15 0
221.83 2692.00 15 0
486.86 3978.50 15 1
124.33 7139.75 16 1
124.33 7160.75 37 0
124.33 7175.25 58 1
224.42 2876.75 15 0
224.66 2872.75 15 0
224.88 2899.50 15 0
225.11 2899.50 15 0
225.31 2955.50 15 0
175.73 13084.25 15 0
227.34 3051.25 15 0
228.02 3111.50 15 0
124.38 7318.25 15 0
228.38 3263.50 29 0
463.36 6620.50 15 0
230.03 4002.25 15 0
124.41 7395.75 13 1
124.41 3509.00 58 0
231.80 2031.25 15 0
232.92 3675.75 15 0
233.12 13007.50 15 0
233.80 3818.75 15 0
234.02 7495.25 15 0
388.91 3983.25 29 1
124.48 7538.75 29 1
334.48 3984.00 57 0
237.59 4390.50 15 0
125.81 7617.25 15 0
124.25 7638.25 15 0
124.56 7666.75 59 1
148.58 335.50 7 1
302.73 1694.00 15 0
241.86 4608.50 15 0
242.53 7756.75 15 0
243.22 4655.50 15 0
376.94 3985.50 13 0
124.56 7840.75 15 0
138.53 14031.50 53 1
247.59 4424.00 30 0
214.38 10846.75 15 0
254.72 9664.50 0 0
255.86 0.00 0 0
248.83 7985.50 15 0
249.50 8008.00 15 0
251.06 4931.50 11 0
251.78 4774.25 15 0
124.58 13156.75 20 0
253.83 2383.50 15 0
124.58 8015.50 38 1
255.66 23.25 15 0
264.05 8464.75 0 0
4.73 8486.75 0 0
265.42 1615.50 0 0
116.61 8284.25 19 0
157.44 12873.50 32 1
124.25 8342.75 15 0
157.52 3978.50 32 0
305.02 3986.25 3 1
262.78 4727.00 15 0
124.56 8519.25 59 1
124.56 8526.75 46 0
267.38 4809.25 15 0
275.30 0.00 0 0
275.75 0.00 0 0
117.98 8599.75 0 0
124.61 3476.00 26 1
92.61 5053.00 46 1
270.09 8658.25 15 0
108.59 8665.25 1 1
124.59 10465.25 36 1
124.58 14534.50 31 0
280.33 0.00 0 0
273.33 4629.00 15 0
124.55 8769.25 28 0
124.56 8782.75 48 0
5.05 9072.75 0 0
283.73 128.00 0 0
284.89 0.00 0 0
285.11 0.00 0 0
285.58 0.00 0 0
487.80 3986.75 0 0
271.08 7522.75 18 1
279.23 4737.75 15 0
475.08 3730.25 15 0
280.39 4759.25 15 0
124.62 8994.75 15 0
124.56 4714.25 46 0
281.77 4802.75 15 0
290.11 0.00 0 0
283.11 5331.00 7 0
291.06 36.25 15 0
291.52 0.00 0 0
291.75 36.25 0 0
4.20 9365.75 0 0
292.89 11200.50 0 0
293.58 0.00 0 0
293.81 0.00 0 0
294.05 0.00 0 0
294.27 0.00 0 0
294.50 0.00 0 0
294.72 0.00 0 0
294.95 0.00 0 0
295.19 0.00 0 0
295.41 0.00 0 0
295.64 0.00 0 0
295.88 0.00 0 0
100.33 9249.25 0 0
297.47 9472.00 0 0
298.16 5056.00 0 0
299.98 9600.00 0 0
300.67 37.50 0 0
301.36 0.00 0 0
301.83 0.00 0 0
1.17 0.00 16 1
303.19 9664.00 0 0
303.88 0.00 0 0
304.11 0.00 0 0
0.34 128.00 0 0
305.25 0.00 0 0
306.41 448.00 0 0
196.66 128.00 37 1
1.19 13696.00 44 1
300.27 38.50 13 0
308.70 9536.00 0 0
310.48 0.00 0 0
303.36 6683.50 15 0
311.58 0.00 0 0
311.80 128.00 0 0
312.91 0.00 0 0
5.58 10048.75 0 0
1.22 128.00 22 1
315.34 0.00 0 0
315.56 0.00 0 0
4.02 10126.75 0 0
124.88 9898.25 57 1
309.77 7253.75 13 0
310.42 7149.75 13 0
100.86 3739.75 26 1
311.97 7345.50 39 1
312.88 7530.75 52 1
117.30 10039.75 13 0
108.91 10046.75 37 1
322.42 7104.50 0 0
1.09 12608.50 0 0
323.75 0.00 0 0
323.97 128.00 0 0
244.58 2466.25 12 0
317.47 9003.00 3 0
325.97 0.00 0 0
326.41 0.00 0 0
1.27 128.00 34 1
327.73 0.00 0 0
4.39 10523.25 0 0
329.06 0.00 0 0
329.28 12352.50 0 0
329.72 0.00 0 0
330.08 2624.50 0 0
322.67 10257.75 12 0
332.31 6208.50 0 0
332.97 0.00 0 0
325.34 12901.50 8 0
321.17 14664.50 40 0
326.23 10002.50 8 0
69.22 11101.25 31 0
327.56 9851.50 10 0
335.86 0.00 0 0
328.23 6.50 9 0
328.67 9926.50 9 0
328.89 0.00 8 0
329.34 9723.25 13 0
101.17 3789.50 14 1
302.72 9651.50 41 1
331.12 9823.75 12 0
23.64 42.50 0 0
124.31 10652.75 0 0
125.23 128.00 41 0
342.08 0.00 0 0
342.31 9678.25 0 0
342.75 42.75 0 0
479.42 42.75 0 0
344.08 0.00 0 0
174.31 13802.00 0 0
344.75 128.00 0 0
337.58 9741.25 10 0
338.02 10538.25 12 0
35.31 166.00 22 1
1.34 128.00 31 1
5.34 11124.75 38 1
248.05 2496.50 15 0
348.97 11712.50 0 0
350.08 0.00 0 0
0.30 128.00 0 0
1.36 9792.00 24 1
352.08 9814.50 0 0
344.67 11044.25 11 0
345.34 176.00 15 0
346.31 7754.25 15 0
346.53 7841.50 15 0
346.75 7924.75 12 0
354.80 0.00 0 0
347.19 11117.75 11 0
356.59 0.00 0 0
349.50 11418.00 14 0
350.17 6468.50 15 0
183.36 3227.50 19 1
359.06 0.00 0 0
0.75 2688.00 14 1
185.38 2199.50 29 1
3.33 0.00 10 0
3.56 64.50 0 0
4.69 4524.50 0 0
358.62 9750.50 15 0
359.31 9741.25 14 0
117.39 13.75 63 1
1.09 9870.25 8 0
312.27 13376.50 9 0
1.84 128.00 0 0
268.00 163.25 1 1
0.03 11712.50 31 1
12.09 0.00 0 0
12.77 10048.00 0 0
13.44 0.00 0 0
487.67 1.50 0 0
14.11 0.00 0 0
0.05 0.00 18 1
15.23 448.00 0 0
15.91 0.00 0 0
16.14 0.00 0 0
326.58 1793.00 0 0