0.00 0.00
0.10 0.00
0.20 0.00
0.30 0.00
0.40 0.00
0.50 0.00
0.60 0.00
0.70 0.00
0.80 0.00
0.90 0.00
1.00 0.00
1.10 0.00
1.20 0.00
1.30 0.00
1.40 0.00
1.50 0.00
1.60 0.00
1.70 0.00
1.80 0.00
1.90 0.00
2.00 0.00
2.10 0.00
2.20 0.00
2.30 0.00
2.40 0.00
2.50 0.00
2.60 0.00
2.70 0.00
2.80 0.00
2.90 0.00
3.00 0.00
3.10 0.00
3.20 0.00
3.30 0.00
3.40 0.00
3.50 0.00
3.60 0.00
3.70 0.00
3.80 0.00
3.90 0.00
4.00 0.00
4.10 0.00
4.20 0.00
4.30 0.00
4.40 0.00
4.50 0.00
4.60 0.00
4.70 0.00
4.80 0.00
4.90 0.00
5.00 0.00
5.10 0.00
5.20 0.00
5.30 0.00
5.40 0.00
5.50 0.00
5.60 0.00
5.70 0.00
5.80 0.00
5.90 0.00
6.00 0.00
6.10 0.00
6.20 0.00
6.30 0.00
6.40 0.00
6.50 0.00
6.60 0.00
6.70 0.00
6.80 0.00
6.90 0.00
7.00 0.00
7.10 0.00
7.20 0.00
7.30 0.00
7.40 0.00
7.50 0.00
7.60 0.00
7.70 0.00
7.80 0.00
7.90 0.00
8.00 0.00
8.10 0.00
8.20 0.00
8.30 0.00
8.40 0.00
8.50 0.00
8.60 0.00
8.70 0.00
8.80 0.00
8.90 0.00
9.00 0.00
9.10 0.00
9.20 0.00
9.30 0.00
9.40 0.00
9.50 0.00
9.60 0.00
9.70 758.50
9.80 0.00
9.90 0.00
10.00 0.00
10.10 0.00
10.20 0.00
10.30 0.00
10.40 0.00
10.50 0.00
10.60 0.00
10.70 0.00
10.80 0.00
10.90 0.00
11.00 0.00
11.10 0.00
11.20 0.00
11.30 0.00
11.40 0.00
11.50 0.00
11.60 0.00
11.70 0.00
11.80 0.00
11.90 0.00
12.00 0.00
12.10 0.00
12.20 0.00
12.30 0.00
12.40 0.00
12.50 0.00
12.60 0.00
12.70 0.00
12.80 0.00
12.90 0.00
13.00 0.00
13.10 0.00
13.20 0.00
13.30 0.00
13.40 0.00
13.50 0.00
13.60 0.00
13.70 0.00
13.80 0.00
13.90 0.00
14.00 0.00
14.10 0.00
14.20 0.00
14.30 0.00
14.40 0.00
14.50 0.00
14.60 0.00
14.70 0.00
14.80 0.00
14.90 0.00
15.00 0.00
15.10 0.00
15.20 0.00
15.30 0.00
15.40 0.00
15.50 0.00
15.60 0.00
15.70 0.00
15.80 0.00
15.90 0.00
16.00 0.00
16.10 0.00
16.20 0.00
16.30 0.00
16.40 0.00
16.50 680.50
16.60 0.00
16.70 0.00
16.80 0.00
16.90 0.00
17.00 0.00
17.10 0.00
17.20 0.00
17.30 0.00
17.40 0.00
17.50 0.00
17.60 0.00
17.70 0.00
17.80 0.00
17.90 0.00
18.00 0.00
18.10 0.00
18.20 0.00
18.30 0.00
18.40 0.00
18.50 0.00
18.60 0.00
18.70 0.00
18.80 0.00
18.90 0.00
19.00 677.00
19.10 529.50
19.20 0.00
19.30 729.75
19.40 0.00
19.50 0.00
19.60 0.00
19.70 0.00
19.80 0.00
19.90 0.00
20.00 0.00
20.10 0.00
20.20 0.00
20.30 0.00
20.40 0.00
20.50 0.00
20.60 0.00
20.70 0.00
20.80 0.00
20.90 0.00
21.00 0.00
21.10 0.00
21.20 0.00
21.30 0.00
21.40 0.00
21.50 0.00
21.60 0.00
21.70 0.00
21.80 0.00
21.90 0.00
22.00 0.00
22.10 0.00
22.20 0.00
22.30 0.00
22.40 0.00
22.50 0.00
22.60 0.00
22.70 0.00
22.80 0.00
22.90 0.00
23.00 0.00
23.10 0.00
23.20 0.00
23.30 0.00
23.40 0.00
23.50 0.00
23.60 0.00
23.70 0.00
23.80 0.00
23.90 0.00
24.00 0.00
24.10 0.00
24.20 0.00
24.30 0.00
24.40 0.00
24.50 0.00
24.60 0.00
24.70 0.00
24.80 0.00
24.90 0.00
25.00 0.00
25.10 0.00
25.20 0.00
25.30 0.00
25.40 0.00
25.50 548.50
25.60 0.00
25.70 0.00
25.80 0.00
25.90 0.00
26.00 0.00
26.10 509.50
26.20 0.00
26.30 0.00
26.40 0.00
26.50 0.00
26.60 0.00
26.70 0.00
26.80 0.00
26.90 0.00
27.00 0.00
27.10 0.00
27.20 0.00
27.30 0.00
27.40 0.00
27.50 0.00
27.60 0.00
27.70 0.00
27.80 580.50
27.90 0.00
28.00 0.00
28.10 0.00
28.20 0.00
28.30 0.00
28.40 0.00
28.50 0.00
28.60 0.00
28.70 0.00
28.80 0.00
28.90 0.00
29.00 0.00
29.10 0.00
29.20 0.00
29.30 0.00
29.40 0.00
29.50 0.00
29.60 0.00
29.70 0.00
29.80 0.00
29.90 0.00
30.00 0.00
30.10 0.00
30.20 0.00
30.30 0.00
30.40 0.00
30.50 0.00
30.60 0.00
30.70 0.00
30.80 0.00
30.90 0.00
31.00 0.00
31.10 0.00
31.20 0.00
31.30 0.00
31.40 0.00
31.50 0.00
31.60 0.00
31.70 0.00
31.80 0.00
31.90 0.00
32.00 0.00
32.10 0.00
32.20 0.00
32.30 0.00
32.40 0.00
32.50 0.00
32.60 0.00
32.70 0.00
32.80 0.00
32.90 0.00
33.00 0.00
33.10 0.00
33.20 0.00
33.30 0.00
33.40 0.00
33.50 0.00
33.60 0.00
33.70 0.00
33.80 0.00
33.90 0.00
34.00 0.00
34.10 0.00
34.20 0.00
34.30 0.00
34.40 0.00
34.50 0.00
34.60 0.00
34.70 0.00
34.80 0.00
34.90 0.00
35.00 0.00
35.10 0.00
35.20 0.00
35.30 0.00
35.40 0.00
35.50 0.00
35.60 0.00
35.70 0.00
35.80 0.00
35.90 0.00
36.00 0.00
36.10 0.00
36.20 0.00
36.30 0.00
36.40 0.00
36.50 0.00
36.60 0.00
36.70 0.00
36.80 0.00
36.90 0.00
37.00 0.00
37.10 0.00
37.20 0.00
37.30 0.00
37.40 0.00
37.50 0.00
37.60 0.00
37.70 0.00
37.80 0.00
37.90 0.00
38.00 0.00
38.10 0.00
38.20 0.00
38.30 0.00
38.40 0.00
38.50 0.00
38.60 0.00
38.70 0.00
38.80 0.00
38.90 0.00
39.00 0.00
39.10 0.00
39.20 0.00
39.30 0.00
39.40 0.00
39.50 0.00
39.60 0.00
39.70 0.00
39.80 0.00
39.90 0.00
40.00 0.00
40.10 0.00
40.20 0.00
40.30 0.00
40.40 0.00
40.50 0.00
40.60 0.00
40.70 0.00
40.80 0.00
40.90 0.00
41.00 0.00
41.10 0.00
41.20 0.00
41.30 0.00
41.40 0.00
41.50 0.00
41.60 0.00
41.70 0.00
41.80 0.00
41.90 0.00
42.00 0.00
42.10 0.00
42.20 0.00
42.30 0.00
42.40 0.00
42.50 0.00
42.60 0.00
42.70 0.00
42.80 0.00
42.90 0.00
43.00 0.00
43.10 0.00
43.20 0.00
43.30 0.00
43.40 0.00
43.50 0.00
43.60 0.00
43.70 0.00
43.80 0.00
43.90 0.00
44.00 0.00
44.10 0.00
44.20 0.00
44.30 0.00
44.40 0.00
44.50 0.00
44.60 0.00
44.70 0.00
44.80 0.00
44.90 0.00
45.00 0.00
45.10 0.00
45.20 0.00
45.30 0.00
45.40 0.00
45.50 0.00
45.60 0.00
45.70 0.00
45.80 0.00
45.90 0.00
46.00 0.00
46.10 0.00
46.20 0.00
46.30 0.00
46.40 0.00
46.50 0.00
46.60 0.00
46.70 0.00
46.80 0.00
46.90 0.00
47.00 0.00
47.10 0.00
47.20 0.00
47.30 0.00
47.40 0.00
47.50 0.00
47.60 0.00
47.70 0.00
47.80 0.00
47.90 0.00
48.00 0.00
48.10 0.00
48.20 0.00
48.30 0.00
48.40 0.00
48.50 0.00
48.60 0.00
48.70 0.00
48.80 0.00
48.90 0.00
49.00 0.00
49.10 0.00
49.20 0.00
49.30 0.00
49.40 0.00
49.50 0.00
49.60 0.00
49.70 0.00
49.80 0.00
49.90 0.00
50.00 0.00
50.10 0.00
50.20 0.00
50.30 0.00
50.40 0.00
50.50 0.00
50.60 0.00
50.70 0.00
50.80 0.00
50.90 0.00
51.00 0.00
51.10 0.00
51.20 0.00
51.30 0.00
51.40 0.00
51.50 0.00
51.60 0.00
51.70 0.00
51.80 0.00
51.90 0.00
52.00 0.00
52.10 0.00
52.20 0.00
52.30 0.00
52.40 0.00
52.50 0.00
52.60 0.00
52.70 0.00
52.80 0.00
52.90 0.00
53.00 0.00
53.10 0.00
53.20 0.00
53.30 0.00
53.40 0.00
53.50 0.00
53.60 0.00
53.70 0.00
53.80 0.00
53.90 0.00
54.00 0.00
54.10 0.00
54.20 0.00
54.30 0.00
54.40 0.00
54.50 0.00
54.60 0.00
54.70 0.00
54.80 0.00
54.90 0.00
55.00 0.00
55.10 0.00
55.20 0.00
55.30 0.00
55.40 0.00
55.50 0.00
55.60 0.00
55.70 0.00
55.80 0.00
55.90 0.00
56.00 0.00
56.10 0.00
56.20 0.00
56.30 0.00
56.40 0.00
56.50 0.00
56.60 0.00
56.70 0.00
56.80 0.00
56.90 0.00
57.00 0.00
57.10 0.00
57.20 0.00
57.30 0.00
57.40 0.00
57.50 0.00
57.60 0.00
57.70 0.00
57.80 0.00
57.90 0.00
58.00 5693.75
58.10 0.00
58.20 0.00
58.30 0.00
58.40 0.00
58.50 0.00
58.60 0.00
58.70 0.00
58.80 0.00
58.90 0.00
59.00 0.00
59.10 0.00
59.20 0.00
59.30 0.00
59.40 0.00
59.50 0.00
59.60 0.00
59.70 0.00
59.80 0.00
59.90 0.00
60.00 0.00
60.10 0.00
60.20 0.00
60.30 0.00
60.40 0.00
60.50 5584.25
60.60 0.00
60.70 0.00
60.80 0.00
60.90 0.00
61.00 0.00
61.10 0.00
61.20 0.00
61.30 0.00
61.40 0.00
61.50 0.00
61.60 0.00
61.70 5482.00
61.80 0.00
61.90 0.00
62.00 0.00
62.10 0.00
62.20 0.00
62.30 0.00
62.40 0.00
62.50 0.00
62.60 0.00
62.70 0.00
62.80 0.00
62.90 0.00
63.00 0.00
63.10 0.00
63.20 0.00
63.30 0.00
63.40 0.00
63.50 0.00
63.60 0.00
63.70 0.00
63.80 0.00
63.90 0.00
64.00 0.00
64.10 0.00
64.20 0.00
64.30 0.00
64.40 0.00
64.50 0.00
64.60 0.00
64.70 0.00
64.80 0.00
64.90 0.00
65.00 0.00
65.10 0.00
65.20 5342.00
65.30 0.00
65.40 0.00
65.50 0.00
65.60 0.00
65.70 0.00
65.80 0.00
65.90 0.00
66.00 0.00
66.10 0.00
66.20 0.00
66.30 0.00
66.40 5753.25
66.50 0.00
66.60 0.00
66.70 5953.00
66.80 5963.25
66.90 5970.00
67.00 5953.00
67.10 5966.50
67.20 5943.00
67.30 5983.75
67.40 0.00
67.50 5970.00
67.60 0.00
67.70 0.00
67.80 0.00
67.90 5882.75
68.00 0.00
68.10 0.00
68.20 5943.00
68.30 0.00
68.40 5902.75
68.50 5922.75
68.60 5889.25
68.70 5882.75
68.80 5863.00
68.90 0.00
69.00 0.00
69.10 0.00
69.20 5219.25
69.30 5162.75
69.40 0.00
69.50 0.00
69.60 0.00
69.70 0.00
69.80 5203.75
69.90 0.00
70.00 5876.00
70.10 5866.25
70.20 5863.00
70.30 5896.00
70.40 5859.75
70.50 5882.75
70.60 0.00
70.70 5794.75
70.80 5833.50
70.90 5820.50
71.00 5823.75
71.10 5772.25
71.20 5820.50
71.30 5766.00
71.40 5772.25
71.50 5820.50
71.60 5762.75
71.70 5791.50
71.80 5750.00
71.90 5750.00
72.00 5737.50
72.10 5750.00
72.20 5750.00
72.30 5743.75
72.40 5728.00
72.50 5750.00
72.60 5772.25
72.70 5740.75
72.80 5750.00
72.90 5759.50
73.00 5696.75
73.10 5725.00
73.20 5687.50
73.30 0.00
73.40 5693.75
73.50 5703.00
73.60 5712.50
73.70 5721.75
73.80 5731.25
73.90 5703.00
74.00 5666.00
74.10 5725.00
74.20 5703.00
74.30 5675.25
74.40 5653.75
74.50 5653.75
74.60 5672.25
74.70 5672.25
74.80 5644.50
74.90 5650.75
75.00 5672.25
75.10 5656.75
75.20 5656.75
75.30 5635.50
75.40 5635.50
75.50 5617.25
75.60 5617.25
75.70 5650.75
75.80 5644.50
75.90 5647.75
76.00 5647.75
76.10 5650.75
76.20 5632.50
76.30 5632.50
76.40 5590.25
76.50 5623.25
76.60 5614.25
76.70 0.00
76.80 5563.50
76.90 0.00
77.00 5620.25
77.10 5578.25
77.20 0.00
77.30 0.00
77.40 0.00
77.50 0.00
77.60 5569.50
77.70 5581.25
77.80 5537.00
77.90 5566.50
78.00 5548.75
78.10 5614.25
78.20 5563.50
78.30 5590.25
78.40 5587.25
78.50 5540.00
78.60 5548.75
78.70 5560.50
78.80 5545.75
78.90 5502.00
79.00 5525.25
79.10 5525.25
79.20 5543.00
79.30 5543.00
79.40 5551.75
79.50 5525.25
79.60 5543.00
79.70 5496.25
79.80 5522.50
79.90 5531.25
80.00 5519.50
80.10 5516.50
80.20 5516.50
80.30 5519.50
80.40 5502.00
80.50 5505.00
80.60 5525.25
80.70 5499.25
80.80 5510.75
80.90 5490.50
81.00 5510.75
81.10 5484.75
81.20 5531.25
81.30 5505.00
81.40 5484.75
81.50 5487.75
81.60 5505.00
81.70 5476.25
81.80 5467.50
81.90 5513.75
82.00 5479.00
82.10 5484.75
82.20 5482.00
82.30 5476.25
82.40 0.00
82.50 5487.75
82.60 5487.75
82.70 5419.50
82.80 0.00
82.90 5433.50
83.00 5467.50
83.10 5479.00
83.20 0.00
83.30 5470.50
83.40 3143.00
83.50 3118.75
83.60 5461.75
83.70 3158.00
83.80 3143.00
83.90 5433.50
84.00 5425.00
84.10 5439.00
84.20 3086.00
84.30 3098.75
84.40 3098.75
84.50 3086.75
84.60 3096.00
84.70 5416.50
84.80 3086.75
84.90 5453.25
85.00 3083.25
85.10 3081.50
85.20 5425.00
85.30 5453.25
85.40 0.00
85.50 3095.00
85.60 3111.50
85.70 3087.75
85.80 3092.25
85.90 3090.50
86.00 5402.50
86.10 3119.75
86.20 5411.00
86.30 3162.75
86.40 3158.00
86.50 5411.00
86.60 5402.50
86.70 5383.25
86.80 3201.00
86.90 3249.50
87.00 3237.50
87.10 3226.50
87.20 3257.50
87.30 5358.25
87.40 3299.25
87.50 5350.00
87.60 3324.25
87.70 3344.25
87.80 0.00
87.90 0.00
88.00 0.00
88.10 3400.25
88.20 3398.00
88.30 3400.25
88.40 0.00
88.50 5331.00
88.60 5383.25
88.70 0.00
88.80 0.00
88.90 0.00
89.00 0.00
89.10 0.00
89.20 0.00
89.30 0.00
89.40 5380.25
89.50 5328.25
89.60 5352.75
89.70 5358.25
89.80 5399.75
89.90 5358.25
90.00 5325.50
90.10 5320.25
90.20 5347.25
90.30 5344.75
90.40 5339.25
90.50 5344.75
90.60 5358.25
90.70 5369.25
90.80 5358.25
90.90 0.00
91.00 5320.25
91.10 0.00
91.20 5331.00
91.30 5314.75
91.40 5331.00
91.50 5317.50
91.60 5347.25
91.70 5320.25
91.80 5347.25
91.90 5342.00
92.00 5369.25
92.10 5339.25
92.20 0.00
92.30 5363.75
92.40 5328.25
92.50 5320.25
92.60 5361.00
92.70 5342.00
92.80 5333.75
92.90 5369.25
93.00 5333.75
93.10 5344.75
93.20 5331.00
93.30 5304.00
93.40 5304.00
93.50 5380.25
93.60 5363.75
93.70 5363.75
93.80 5352.75
93.90 5342.00
94.00 5358.25
94.10 5333.75
94.20 5374.75
94.30 5325.50
94.40 5361.00
94.50 5342.00
94.60 5355.50
94.70 5394.25
94.80 5386.00
94.90 5342.00
95.00 5369.25
95.10 5344.75
95.20 5342.00
95.30 5380.25
95.40 5355.50
95.50 5328.25
95.60 5344.75
95.70 5369.25
95.80 5402.50
95.90 5374.75
96.00 5355.50
96.10 5358.25
96.20 5347.25
96.30 5383.25
96.40 5352.75
96.50 5363.75
96.60 5366.50
96.70 5391.50
96.80 5366.50
96.90 5388.75
97.00 5372.00
97.10 5380.25
97.20 5366.50
97.30 5366.50
97.40 5350.00
97.50 5408.25
97.60 5369.25
97.70 5391.50
97.80 5408.25
97.90 5355.50
98.00 5405.50
98.10 5369.25
98.20 5391.50
98.30 5366.50
98.40 5433.50
98.50 5427.75
98.60 5442.00
98.70 0.00
98.80 0.00
98.90 0.00
99.00 0.00
99.10 0.00
99.20 0.00
99.30 0.00
99.40 0.00
99.50 0.00
99.60 0.00
99.70 0.00
99.80 0.00
99.90 0.00
100.00 0.00
100.10 0.00
100.20 0.00
100.30 0.00
100.40 0.00
100.50 0.00
100.60 0.00
100.70 0.00
100.80 0.00
100.90 0.00
101.00 0.00
101.10 0.00
101.20 0.00
101.30 0.00
101.40 0.00
101.50 0.00
101.60 0.00
101.70 0.00
101.80 0.00
101.90 0.00
102.00 0.00
102.10 0.00
102.20 0.00
102.30 0.00
102.40 0.00
102.50 0.00
102.60 0.00
102.70 0.00
102.80 0.00
102.90 0.00
103.00 0.00
103.10 0.00
103.20 0.00
103.30 0.00
103.40 0.00
103.50 0.00
103.60 0.00
103.70 0.00
103.80 0.00
103.90 0.00
104.00 0.00
104.10 0.00
104.20 0.00
104.30 0.00
104.40 0.00
104.50 0.00
104.60 0.00
104.70 0.00
104.80 0.00
104.90 0.00
105.00 0.00
105.10 0.00
105.20 0.00
105.30 0.00
105.40 4950.25
105.50 4957.25
105.60 4954.75
105.70 4959.50
105.80 4969.00
105.90 4943.00
106.00 4959.50
106.10 4936.25
106.20 4954.75
106.30 4985.50
106.40 4933.75
106.50 4931.50
106.60 4959.50
106.70 4992.50
106.80 4985.50
106.90 4983.00
107.00 4969.00
107.10 4973.50
107.20 4976.00
107.30 4971.25
107.40 4980.75
107.50 5021.25
107.60 4980.75
107.70 4990.25
107.80 0.00
107.90 5026.25
108.00 5023.75
108.10 5002.25
108.20 5009.25
108.30 5002.25
108.40 4971.25
108.50 5011.75
108.60 5035.75
108.70 5007.00
108.80 5053.00
108.90 5035.75
109.00 5019.00
109.10 0.00
109.20 5016.50
109.30 5033.50
109.40 5038.25
109.50 5050.50
109.60 5067.50
109.70 5084.75
109.80 5048.00
109.90 5038.25
110.00 5031.00
110.10 5053.00
110.20 5067.50
110.30 5050.50
110.40 5067.50
110.50 5087.25
110.60 5070.00
110.70 5092.25
110.80 5033.50
110.90 5060.25
111.00 5060.25
111.10 5094.75
111.20 5065.25
111.30 5092.25
111.40 5084.75
111.50 5097.25
111.60 5075.00
111.70 5089.75
111.80 5152.50
111.90 5152.50
112.00 5137.25
112.10 5092.25
112.20 0.00
112.30 0.00
112.40 5124.75
112.50 0.00
112.60 0.00
112.70 0.00
112.80 5142.25
112.90 5124.75
113.00 5137.25
113.10 5152.50
113.20 5144.75
113.30 5137.25
113.40 5127.25
113.50 5167.75
113.60 5165.25
113.70 5160.00
113.80 5150.00
113.90 5147.50
114.00 5157.50
114.10 5170.25
114.20 5178.00
114.30 5209.00
114.40 5167.75
114.50 5196.00
114.60 5183.00
114.70 5165.25
114.80 5170.25
114.90 5188.25
115.00 5203.75
115.10 5219.25
115.20 5222.00
115.30 5288.00
115.40 5206.25
115.50 5211.50
115.60 5183.00
115.70 5175.50
115.80 5139.75
115.90 5142.25
116.00 5084.75
116.10 5109.75
116.20 0.00
116.30 5045.50
116.40 5031.00
116.50 5002.25
116.60 4983.00
116.70 4957.25
116.80 4952.50
116.90 4931.50
117.00 4903.75
117.10 4860.75
117.20 4862.75
117.30 0.00
117.40 0.00
117.50 0.00
117.60 0.00
117.70 4724.75
117.80 4714.25
117.90 4664.00
118.00 4693.00
118.10 4672.25
118.20 4604.50
118.30 4572.50
118.40 4564.50
118.50 4564.50
118.60 4558.50
118.70 4499.75
118.80 4486.25
118.90 4505.75
119.00 4492.00
119.10 4499.75
119.20 4473.00
119.30 4444.50
119.40 4439.00
119.50 4433.25
119.60 4377.75
119.70 4376.00
119.80 4361.50
119.90 4347.00
120.00 4352.25
120.10 4329.00
120.20 4322.00
120.30 4279.50
120.40 4288.25
120.50 4279.50
120.60 4284.75
120.70 4250.00
120.80 4238.00
120.90 4212.50
121.00 4195.75
121.10 4204.25
121.20 4189.00
121.30 4182.25
121.40 4151.00
121.50 4146.00
121.60 4120.00
121.70 4128.00
121.80 4102.25
121.90 4100.75
122.00 0.00
122.10 0.00
122.20 0.00
122.30 0.00
122.40 0.00
122.50 0.00
122.60 0.00
122.70 0.00
122.80 0.00
122.90 0.00
123.00 0.00
123.10 0.00
123.20 0.00
123.30 0.00
123.40 0.00
123.50 0.00
123.60 0.00
123.70 0.00
123.80 0.00
123.90 0.00
124.00 0.00
124.10 0.00
124.20 0.00
124.30 0.00
124.40 0.00
124.50 0.00
124.60 0.00
124.70 0.00
124.80 0.00
124.90 0.00
125.00 3654.00
125.10 3661.75
125.20 3642.75
125.30 3640.25
125.40 3628.75
125.50 3626.25
125.60 3613.75
125.70 3594.00
125.80 3590.50
125.90 3575.75
126.00 3561.25
126.10 3557.50
126.20 3554.00
126.30 3540.75
126.40 3542.00
126.50 3535.00
126.60 3518.25
126.70 3518.25
126.80 3510.25
126.90 3485.75
127.00 3484.75
127.10 3468.50
127.20 3462.75
127.30 3443.75
127.40 3450.50
127.50 3424.50
127.60 3418.00
127.70 3429.00
127.80 3408.00
127.90 3432.50
128.00 3418.00
128.10 3400.25
128.20 3387.25
128.30 3374.25
128.40 3371.00
128.50 3375.25
128.60 3356.00
128.70 3354.75
128.80 3346.25
128.90 3324.25
129.00 3321.00
129.10 3305.50
129.20 3301.25
129.30 3285.75
129.40 3281.75
129.50 3253.50
129.60 3265.50
129.70 3248.50
129.80 3256.50
129.90 3259.50
130.00 3239.50
130.10 3236.50
130.20 3224.50
130.30 3198.25
130.40 3204.00
130.50 3182.75
130.60 3162.75
130.70 3173.25
130.80 3158.00
130.90 3155.25
131.00 3161.75
131.10 3143.75
131.20 3137.25
131.30 3118.75
131.40 3120.50
131.50 3120.50
131.60 3098.75
131.70 3094.00
131.80 3098.75
131.90 3091.50
132.00 3077.75
132.10 3064.50
132.20 3068.00
132.30 3065.25
132.40 3067.25
132.50 3057.25
132.60 3032.00
132.70 3046.75
132.80 3034.50
132.90 3019.75
133.00 3021.50
133.10 3025.00
133.20 3023.25
133.30 3010.25
133.40 3008.50
133.50 2997.50
133.60 2993.25
133.70 2975.50
133.80 2973.00
133.90 2969.75
134.00 2968.00
134.10 2960.50
134.20 2955.50
134.30 2954.75
134.40 2947.25
134.50 2943.25
134.60 2941.50
134.70 2918.75
134.80 2910.00
134.90 2897.25
135.00 2889.25
135.10 2889.25
135.20 2881.50
135.30 2881.50
135.40 2883.75
135.50 2877.50
135.60 2874.25
135.70 2868.75
135.80 2868.00
135.90 2861.75
136.00 2858.00
136.10 2854.25
136.20 2853.25
136.30 2847.25
136.40 2826.75
136.50 2819.75
136.60 2819.75
136.70 2819.25
136.80 2816.75
136.90 2817.50
137.00 2789.50
137.10 2790.75
137.20 2788.75
137.30 2781.25
137.40 2777.75
137.50 2774.00
137.60 2770.25
137.70 2766.75
137.80 2762.50
137.90 2755.25
138.00 2734.50
138.10 2749.50
138.20 2733.75
138.30 2730.25
138.40 2723.25
138.50 2722.50
138.60 2718.50
138.70 2699.75
138.80 2710.75
138.90 2692.75
139.00 2688.75
139.10 2684.50
139.20 2681.25
139.30 2682.50
139.40 2675.00
139.50 2670.25
139.60 2673.00
139.70 2661.75
139.80 2646.25
139.90 2661.75
140.00 0.00
140.10 2657.50
140.20 2657.00
140.30 2638.50
140.40 2637.75
140.50 2639.00
140.60 2617.00
140.70 2615.00
140.80 2613.00
140.90 2611.00
141.00 2607.75
141.10 2606.50
141.20 2602.75
141.30 2600.75
141.40 2595.75
141.50 2596.25
141.60 2588.75
141.70 2574.25
141.80 2568.50
141.90 2566.25
142.00 2561.25
142.10 2559.25
142.20 2561.25
142.30 2553.25
142.40 2554.25
142.50 2552.50
142.60 2549.50
142.70 2541.50
142.80 2527.00
142.90 2537.25
143.00 2531.25
143.10 2531.75
143.20 2520.25
143.30 2517.25
143.40 2506.00
143.50 2503.00
143.60 2501.75
143.70 2510.25
143.80 2492.50
143.90 2494.25
144.00 2487.25
144.10 2485.50
144.20 2483.00
144.30 2480.25
144.40 2480.25
144.50 2475.50
144.60 2472.00
144.70 2472.00
144.80 2467.00
144.90 2467.50
145.00 2463.50
145.10 2462.75
145.20 2457.75
145.30 2457.75
145.40 2453.25
145.50 2441.75
145.60 2425.75
145.70 2427.25
145.80 2438.00
145.90 2421.75
146.00 2416.75
146.10 2416.75
146.20 2415.75
146.30 2413.00
146.40 2411.25
146.50 2407.00
146.60 2408.50
146.70 2403.75
146.80 2404.25
146.90 2398.25
147.00 2398.75
147.10 2397.75
147.20 2398.25
147.30 2388.50
147.40 2365.00
147.50 2365.50
147.60 2361.25
147.70 2361.25
147.80 2359.25
147.90 2359.75
148.00 2354.50
148.10 2352.50
148.20 2345.75
148.30 2345.75
148.40 2348.75
148.50 2348.75
148.60 2348.75
148.70 2340.50
148.80 2338.00
148.90 2327.25
149.00 2336.25
149.10 2336.75
149.20 2336.75
149.30 2320.50
149.40 2329.75
149.50 2316.50
149.60 2312.50
149.70 2311.50
149.80 2307.00
149.90 2310.00
150.00 2309.50
150.10 2303.75
150.20 2300.25
150.30 2300.75
150.40 2297.50
150.50 2300.25
150.60 2296.50
150.70 2294.00
150.80 2291.50
150.90 2277.25
151.00 2280.00
151.10 2277.25
151.20 2275.75
151.30 2285.50
151.40 2274.25
151.50 2273.25
151.60 2273.25
151.70 2266.50
151.80 2256.75
151.90 2255.50
152.00 2252.50
152.10 2263.00
152.20 2247.25
152.30 2246.75
152.40 2248.25
152.50 2245.25
152.60 2242.00
152.70 2239.75
152.80 2240.25
152.90 2238.75
153.00 2235.00
153.10 2237.25
153.20 2235.50
153.30 2221.50
153.40 2233.00
153.50 2227.00
153.60 2228.75
153.70 2214.50
153.80 2221.75
153.90 2213.50
154.00 2213.50
154.10 2214.00
154.20 2202.50
154.30 2200.25
154.40 2196.00
154.50 2201.00
154.60 2208.50
154.70 2193.50
154.80 2194.25
154.90 2189.25
155.00 2189.75
155.10 2187.50
155.20 2190.75
155.30 2189.75
155.40 2184.75
155.50 2185.75
155.60 2184.25
155.70 2182.00
155.80 2179.75
155.90 2179.50
156.00 2173.75
156.10 2175.75
156.20 2171.75
156.30 2172.25
156.40 2175.50
156.50 2176.75
156.60 2173.25
156.70 2169.25
156.80 2166.50
156.90 2164.00
157.00 2153.00
157.10 2164.00
157.20 2145.50
157.30 2153.00
157.40 2151.25
157.50 2149.50
157.60 2140.75
157.70 2141.25
157.80 2148.00
157.90 2139.00
158.00 2146.50
158.10 2138.50
158.20 2136.50
158.30 2135.50
158.40 2132.50
158.50 2131.25
158.60 2130.50
158.70 2131.25
158.80 2130.50
158.90 2132.25
159.00 2130.00
159.10 2127.00
159.20 2121.50
159.30 2122.75
159.40 2123.75
159.50 2121.00
159.60 2121.50
159.70 2123.25
159.80 2119.75
159.90 2118.50
160.00 2116.50
160.10 2118.50
160.20 2119.00
160.30 2127.50
160.40 2131.75
160.50 2132.25
160.60 2132.50
160.70 2133.00
160.80 2131.00
160.90 2131.75
161.00 2131.75
161.10 2130.00
161.20 2127.50
161.30 2127.00
161.40 2127.50
161.50 2123.25
161.60 2123.25
161.70 2121.50
161.80 2117.00
161.90 2116.00
162.00 2117.75
162.10 2116.00
162.20 2106.00
162.30 2105.25
162.40 2112.25
162.50 2115.25
162.60 2110.25
162.70 2109.25
162.80 2102.75
162.90 2101.00
163.00 2097.75
163.10 2098.00
163.20 2099.00
163.30 2099.00
163.40 2100.25
163.50 2099.25
163.60 2101.75
163.70 2100.25
163.80 2089.50
163.90 2087.25
164.00 2088.25
164.10 2086.50
164.20 2093.00
164.30 2087.25
164.40 2085.25
164.50 2081.75
164.60 2079.50
164.70 2079.50
164.80 2078.25
164.90 2080.00
165.00 2077.50
165.10 2078.00
165.20 2077.25
165.30 2076.75
165.40 2063.50
165.50 2070.00
165.60 2074.00
165.70 2074.75
165.80 2074.00
165.90 2072.00
166.00 2057.00
166.10 2056.25
166.20 2059.50
166.30 2068.25
166.40 2069.00
166.50 2066.75
166.60 2056.25
166.70 2057.50
166.80 2054.75
166.90 2052.25
167.00 2050.25
167.10 2051.50
167.20 2050.75
167.30 2051.50
167.40 2052.00
167.50 2048.25
167.60 2048.75
167.70 2051.50
167.80 2046.75
167.90 2046.00
168.00 2038.50
168.10 2036.50
168.20 2040.75
168.30 2042.50
168.40 2036.50
168.50 2035.00
168.60 2039.75
168.70 2033.00
168.80 2028.75
168.90 2032.00
169.00 2040.50
169.10 2039.75
169.20 2039.25
169.30 2037.75
169.40 2029.25
169.50 2028.00
169.60 2026.00
169.70 2026.00
169.80 2026.75
169.90 2028.50
170.00 2028.00
170.10 2026.50
170.20 2025.25
170.30 2026.00
170.40 2026.00
170.50 2024.25
170.60 2023.75
170.70 2017.75
170.80 2020.00
170.90 2012.75
171.00 2021.00
171.10 2022.25
171.20 2019.25
171.30 2021.00
171.40 2020.75
171.50 2008.75
171.60 2010.50
171.70 2019.25
171.80 2016.00
171.90 2007.00
172.00 2007.00
172.10 2007.75
172.20 2005.75
172.30 2006.50
172.40 2005.50
172.50 2005.00
172.60 2009.75
172.70 2009.25
172.80 1999.75
172.90 1996.75
173.00 1998.75
173.10 1998.75
173.20 2001.25
173.30 1999.00
173.40 1998.75
173.50 1999.00
173.60 2001.25
173.70 1999.50
173.80 1997.25
173.90 1996.00
174.00 1996.00
174.10 1999.50
174.20 1999.75
174.30 1995.25
174.40 1996.50
174.50 1988.50
174.60 1993.50
174.70 1993.75
174.80 1992.00
174.90 1993.00
175.00 1992.75
175.10 1994.50
175.20 1993.50
175.30 1991.25
175.40 1993.50
175.50 1987.50
175.60 1990.75
175.70 1994.25
175.80 1995.75
175.90 1993.50
176.00 1993.00
176.10 1994.50
176.20 1987.75
176.30 1992.25
176.40 1992.25
176.50 1990.50
176.60 1990.00
176.70 1987.00
176.80 1987.00
176.90 1991.50
177.00 1989.00
177.10 1985.00
177.20 1987.00
177.30 1981.50
177.40 1983.50
177.50 1989.00
177.60 1988.25
177.70 1988.50
177.80 1986.75
177.90 1987.50
178.00 1967.00
178.10 1975.00
178.20 1972.75
178.30 1985.00
178.40 1987.50
178.50 1985.50
178.60 1976.50
178.70 1979.00
178.80 1979.25
178.90 1983.00
179.00 1974.50
179.10 1975.75
179.20 1977.50
179.30 1974.50
179.40 1964.00
179.50 1972.00
179.60 1974.25
179.70 1976.75
179.80 1977.75
179.90 1976.00
180.00 1974.25
180.10 1975.25
180.20 1976.50
180.30 1973.75
180.40 1976.50
180.50 1973.75
180.60 1977.50
180.70 1986.00
180.80 1981.50
180.90 1983.00
181.00 1987.00
181.10 1982.75
181.20 1979.25
181.30 1978.25
181.40 1971.00
181.50 1970.50
181.60 1979.25
181.70 1980.50
181.80 1981.50
181.90 1974.25
182.00 1971.75
182.10 1960.75
182.20 1961.00
182.30 1959.25
182.40 1955.75
182.50 1959.00
182.60 1962.25
182.70 1965.75
182.80 1964.75
182.90 1963.25
183.00 1976.50
183.10 1964.00
183.20 1967.75
183.30 1970.25
183.40 1961.50
183.50 1964.00
183.60 1973.00
183.70 1972.50
183.80 1971.00
183.90 1970.25
184.00 1971.00
184.10 1977.25
184.20 1974.50
184.30 1976.50
184.40 1982.00
184.50 1982.00
184.60 1975.00
184.70 1970.50
184.80 1977.75
184.90 1979.00
185.00 1983.75
185.10 1977.50
185.20 1985.25
185.30 1977.50
185.40 1973.75
185.50 1972.75
185.60 1977.25
185.70 1976.50
185.80 1976.50
185.90 1978.50
186.00 1974.25
186.10 1973.75
186.20 1979.75
186.30 1979.75
186.40 1979.25
186.50 1987.00
186.60 1987.50
186.70 1978.25
186.80 1985.25
186.90 1986.25
187.00 1985.25
187.10 1985.25
187.20 1988.25
187.30 1979.25
187.40 1987.00
187.50 1981.25
187.60 1980.50
187.70 1979.25
187.80 1983.00
187.90 1990.75
188.00 1993.00
188.10 1992.00
188.20 1985.25
188.30 1982.75
188.40 1988.50
188.50 1983.75
188.60 1990.50
188.70 1989.25
188.80 1990.50
188.90 1982.75
189.00 1989.75
189.10 1994.25
189.20 1991.25
189.30 1991.25
189.40 1991.25
189.50 1990.00
189.60 1994.25
189.70 1990.00
189.80 1985.50
189.90 1986.75
190.00 1984.25
190.10 1992.00
190.20 1990.50
190.30 1992.75
190.40 1992.75
190.50 1994.25
190.60 1995.00
190.70 1993.75
190.80 1993.75
190.90 1994.50
191.00 1995.25
191.10 1999.50
191.20 2002.50
191.30 1996.00
191.40 1994.50
191.50 1997.25
191.60 1996.75
191.70 1999.00
191.80 1999.50
191.90 1997.50
192.00 1999.75
192.10 2010.00
192.20 2003.25
192.30 2001.00
192.40 1998.00
192.50 1995.75
192.60 2000.50
192.70 2003.50
192.80 2005.00
192.90 2015.25
193.00 2011.25
193.10 2004.00
193.20 2017.25
193.30 2008.00
193.40 2014.25
193.50 2004.25
193.60 2016.75
193.70 2015.25
193.80 2015.25
193.90 2014.50
194.00 2016.00
194.10 2016.75
194.20 2016.75
194.30 2019.25
194.40 2020.00
194.50 2021.50
194.60 2020.00
194.70 2024.25
194.80 2024.25
194.90 2024.50
195.00 2023.00
195.10 2025.00
195.20 2025.00
195.30 2026.50
195.40 2025.75
195.50 2025.00
195.60 2025.00
195.70 2026.00
195.80 2026.75
195.90 2028.75
196.00 2030.00
196.10 2032.00
196.20 2032.00
196.30 2041.25
196.40 2040.75
196.50 2039.00
196.60 2040.75
196.70 2042.75
196.80 2044.75
196.90 2056.75
197.00 2060.75
197.10 2059.75
197.20 2052.75
197.30 2052.75
197.40 2055.00
197.50 2059.50
197.60 2076.00
197.70 2076.75
197.80 2078.25
197.90 2068.25
198.00 2063.75
198.10 2070.00
198.20 2080.75
198.30 2068.75
198.40 2077.50
198.50 2077.50
198.60 2078.25
198.70 2078.75
198.80 2080.50
198.90 2081.25
199.00 2081.75
199.10 2082.75
199.20 2079.50
199.30 2082.50
199.40 2081.75
199.50 2083.25
199.60 2083.75
199.70 2082.75
199.80 2095.25
199.90 2097.25
200.00 2094.75
200.10 2088.50
200.20 2099.00
200.30 2097.75
200.40 2095.50
200.50 2088.25
200.60 2101.75
200.70 2107.75
200.80 2108.00
200.90 2108.00
201.00 2111.75
201.10 2114.75
201.20 2112.25
201.30 2111.75
201.40 2111.75
201.50 2116.50
201.60 2116.00
201.70 2117.75
201.80 2121.00
201.90 2119.00
202.00 2119.00
202.10 2118.50
202.20 2123.25
202.30 2123.25
202.40 2123.25
202.50 2122.75
202.60 2124.50
202.70 2125.75
202.80 2130.00
202.90 2128.25
203.00 2128.25
203.10 2129.50
203.20 2127.50
203.30 2131.00
203.40 2129.50
203.50 2131.00
203.60 2132.25
203.70 2132.25
203.80 2136.00
203.90 2134.25
204.00 2136.50
204.10 2139.00
204.20 2139.50
204.30 2140.00
204.40 2137.75
204.50 2148.50
204.60 2150.25
204.70 2149.75
204.80 2165.25
204.90 2153.25
205.00 2151.50
205.10 2154.25
205.20 2169.25
205.30 2156.50
205.40 2146.50
205.50 2157.25
205.60 2158.50
205.70 2167.50
205.80 2170.00
205.90 2177.75
206.00 2179.50
206.10 2175.75
206.20 2176.25
206.30 2179.75
206.40 2181.25
206.50 2181.25
206.60 2179.00
206.70 2184.25
206.80 2183.50
206.90 2190.75
207.00 2202.00
207.10 0.00
207.20 1676.00
207.30 1675.50
207.40 1672.25
207.50 1674.25
207.60 1664.75
207.70 1665.25
207.80 1662.75
207.90 1660.50
208.00 1658.50
208.10 1657.75
208.20 1656.00
208.30 1655.75
208.40 1646.25
208.50 1646.25
208.60 1638.00
208.70 1636.25
208.80 1633.00
208.90 1635.75
209.00 1635.75
209.10 1634.25
209.20 1628.50
209.30 1629.00
209.40 1628.75
209.50 1629.75
209.60 1629.00
209.70 1626.50
209.80 1622.75
209.90 1617.50
210.00 1610.50
210.10 1609.00
210.20 1605.50
210.30 1606.25
210.40 1604.50
210.50 1604.25
210.60 1602.75
210.70 1601.25
210.80 1600.50
210.90 1600.25
211.00 1596.75
211.10 1588.25
211.20 1592.00
211.30 1582.25
211.40 1581.00
211.50 1580.00
211.60 1585.00
211.70 1579.50
211.80 1578.50
211.90 1577.25
212.00 1575.25
212.10 1574.25
212.20 1564.75
212.30 1570.75
212.40 1569.00
212.50 1567.75
212.60 1561.00
212.70 1561.50
212.80 1559.25
212.90 1556.75
213.00 1556.75
213.10 1557.00
213.20 1554.75
213.30 1553.50
213.40 1553.50
213.50 1554.75
213.60 1554.50
213.70 1549.25
213.80 1544.50
213.90 1539.50
214.00 1539.50
214.10 1540.25
214.20 1530.50
214.30 1517.00
214.40 1519.75
214.50 1511.25
214.60 1511.00
214.70 1513.00
214.80 1513.00
214.90 1520.00
215.00 1521.00
215.10 1515.25
215.20 1514.50
215.30 1517.75
215.40 1525.25
215.50 1525.00
215.60 1525.75
215.70 1526.25
215.80 1527.75
215.90 1526.00
216.00 1529.75
216.10 1532.50
216.20 1532.25
216.30 1541.00
216.40 1535.75
216.50 1548.00
216.60 1541.25
216.70 1542.50
216.80 1544.00
216.90 1544.00
217.00 1544.75
217.10 1552.75
217.20 1554.75
217.30 1556.00
217.40 1559.25
217.50 1558.75
217.60 1559.75
217.70 1558.75
217.80 1558.50
217.90 1559.75
218.00 1569.50
218.10 1568.75
218.20 1570.75
218.30 1572.50
218.40 1573.25
218.50 1572.00
218.60 1578.50
218.70 1582.00
218.80 1583.25
218.90 1585.00
219.00 1584.25
219.10 1586.75
219.20 1587.75
219.30 1587.75
219.40 1599.50
219.50 1594.00
219.60 1601.00
219.70 1601.00
219.80 1601.75
219.90 1594.25
220.00 1604.25
220.10 1605.75
220.20 1606.75
220.30 1606.25
220.40 1607.25
220.50 1607.00
220.60 1622.25
220.70 1624.75
220.80 1624.00
220.90 1624.25
221.00 1625.25
221.10 1627.00
221.20 1627.50
221.30 1628.75
221.40 1631.00
221.50 1631.00
221.60 1631.25
221.70 1635.75
221.80 1636.25
221.90 1643.00
222.00 1647.25
222.10 1646.75
222.20 1645.25
222.30 1650.75
222.40 1654.00
222.50 1659.50
222.60 1654.25
222.70 1656.00
222.80 1662.50
222.90 1662.50
223.00 1663.50
223.10 1665.25
223.20 1667.75
223.30 1675.00
223.40 1669.50
223.50 1668.25
223.60 1680.50
223.70 1692.50
223.80 1693.50
223.90 1693.25
224.00 1685.50
224.10 1695.75
224.20 1698.50
224.30 1697.50
224.40 1705.50
224.50 1700.25
224.60 1702.50
224.70 1710.75
224.80 1720.00
224.90 0.00
225.00 1723.75
225.10 1724.75
225.20 1728.00
225.30 1730.75
225.40 1728.25
225.50 1729.25
225.60 1731.25
225.70 1734.75
225.80 1735.00
225.90 1737.25
226.00 1737.50
226.10 1740.00
226.20 1747.25
226.30 1743.00
226.40 1744.25
226.50 1744.25
226.60 1746.75
226.70 1765.00
226.80 1764.00
226.90 1766.00
227.00 1768.50
227.10 1769.75
227.20 1770.50
227.30 1772.25
227.40 1841.50
227.50 1842.00
227.60 1838.25
227.70 1832.25
227.80 1830.00
227.90 1828.50
228.00 1823.75
228.10 1818.75
228.20 1820.25
228.30 1819.00
228.40 1812.50
228.50 1810.75
228.60 1810.00
228.70 1798.50
228.80 1805.75
228.90 1793.75
229.00 1793.50
229.10 1790.75
229.20 1791.00
229.30 1781.50
229.40 1781.50
229.50 1781.75
229.60 1780.00
229.70 1777.00
229.80 1773.00
229.90 1767.50
230.00 1766.00
230.10 1756.75
230.20 1755.00
230.30 1753.00
230.40 1752.25
230.50 1750.00
230.60 1753.25
230.70 1761.75
230.80 1757.00
230.90 1766.50
231.00 1767.75
231.10 1776.75
231.20 1776.75
231.30 1779.00
231.40 1781.00
231.50 1784.75
231.60 1789.50
231.70 1793.00
231.80 1796.50
231.90 1796.50
232.00 1795.00
232.10 1804.75
232.20 1809.75
232.30 1810.25
232.40 1822.50
232.50 1817.50
232.60 1819.25
232.70 1831.00
232.80 1840.50
232.90 1842.75
233.00 1844.00
233.10 1854.50
233.20 1852.00
233.30 1850.25
233.40 1841.00
233.50 1869.00
233.60 1888.25
233.70 1872.00
233.80 1874.75
233.90 1870.25
234.00 1869.50
234.10 1869.00
234.20 1875.75
234.30 0.00
234.40 1874.75
234.50 1868.25
234.60 1865.25
234.70 1864.25
234.80 1860.50
234.90 1865.00
235.00 0.00
235.10 1860.75
235.20 1845.75
235.30 1849.00
235.40 1866.00
235.50 1863.75
235.60 0.00
235.70 1870.00
235.80 1863.75
235.90 1862.50
236.00 1868.50
236.10 1886.75
236.20 0.00
236.30 0.00
236.40 0.00
236.50 1892.00
236.60 1897.00
236.70 1895.50
236.80 1909.25
236.90 0.00
237.00 0.00
237.10 0.00
237.20 0.00
237.30 0.00
237.40 0.00
237.50 0.00
237.60 0.00
237.70 0.00
237.80 0.00
237.90 0.00
238.00 0.00
238.10 0.00
238.20 0.00
238.30 0.00
238.40 0.00
238.50 0.00
238.60 0.00
238.70 0.00
238.80 0.00
238.90 0.00
239.00 0.00
239.10 0.00
239.20 0.00
239.30 0.00
239.40 0.00
239.50 0.00
239.60 0.00
239.70 0.00
239.80 0.00
239.90 0.00
240.00 0.00
240.10 0.00
240.20 0.00
240.30 0.00
240.40 614.25
240.50 0.00
240.60 0.00
240.70 0.00
240.80 0.00
240.90 0.00
241.00 0.00
241.10 0.00
241.20 0.00
241.30 0.00
241.40 0.00
241.50 0.00
241.60 0.00
241.70 0.00
241.80 0.00
241.90 0.00
242.00 0.00
242.10 0.00
242.20 0.00
242.30 0.00
242.40 0.00
242.50 0.00
242.60 0.00
242.70 0.00
242.80 1785.50
242.90 1805.50
243.00 1798.75
243.10 1810.75
243.20 0.00
243.30 0.00
243.40 0.00
243.50 0.00
243.60 0.00
243.70 0.00
243.80 0.00
243.90 664.50
244.00 0.00
244.10 0.00
244.20 0.00
244.30 0.00
244.40 664.25
244.50 0.00
244.60 0.00
244.70 0.00
244.80 0.00
244.90 0.00
245.00 0.00
245.10 0.00
245.20 0.00
245.30 0.00
245.40 0.00
245.50 0.00
245.60 0.00
245.70 0.00
245.80 0.00
245.90 0.00
246.00 0.00
246.10 0.00
246.20 0.00
246.30 0.00
246.40 0.00
246.50 0.00
246.60 0.00
246.70 0.00
246.80 0.00
246.90 0.00
247.00 0.00
247.10 0.00
247.20 0.00
247.30 0.00
247.40 0.00
247.50 0.00
247.60 0.00
247.70 0.00
247.80 0.00
247.90 0.00
248.00 0.00
248.10 0.00
248.20 0.00
248.30 0.00
248.40 0.00
248.50 0.00
248.60 0.00
248.70 0.00
248.80 0.00
248.90 0.00
249.00 0.00
249.10 0.00
249.20 0.00
249.30 0.00
249.40 0.00
249.50 0.00
249.60 0.00
249.70 0.00
249.80 0.00
249.90 0.00
250.00 0.00
250.10 0.00
250.20 0.00
250.30 0.00
250.40 0.00
250.50 0.00
250.60 0.00
250.70 0.00
250.80 0.00
250.90 0.00
251.00 0.00
251.10 0.00
251.20 0.00
251.30 0.00
251.40 0.00
251.50 0.00
251.60 1669.25
251.70 1684.25
251.80 0.00
251.90 0.00
252.00 0.00
252.10 0.00
252.20 0.00
252.30 0.00
252.40 0.00
252.50 0.00
252.60 0.00
252.70 0.00
252.80 0.00
252.90 0.00
253.00 0.00
253.10 0.00
253.20 0.00
253.30 0.00
253.40 0.00
253.50 0.00
253.60 0.00
253.70 0.00
253.80 0.00
253.90 0.00
254.00 0.00
254.10 0.00
254.20 0.00
254.30 0.00
254.40 0.00
254.50 0.00
254.60 0.00
254.70 0.00
254.80 1622.50
254.90 1619.50
255.00 0.00
255.10 1615.25
255.20 0.00
255.30 0.00
255.40 0.00
255.50 0.00
255.60 0.00
255.70 0.00
255.80 0.00
255.90 1614.50
256.00 1610.75
256.10 1604.25
256.20 1604.25
256.30 0.00
256.40 1604.25
256.50 0.00
256.60 0.00
256.70 0.00
256.80 0.00
256.90 1599.50
257.00 1597.75
257.10 0.00
257.20 0.00
257.30 1601.00
257.40 0.00
257.50 1593.25
257.60 0.00
257.70 0.00
257.80 0.00
257.90 0.00
258.00 0.00
258.10 0.00
258.20 1580.50
258.30 1579.00
258.40 1580.00
258.50 1577.00
258.60 1569.50
258.70 0.00
258.80 0.00
258.90 0.00
259.00 1509.00
259.10 0.00
259.20 0.00
259.30 0.00
259.40 0.00
259.50 0.00
259.60 1499.00
259.70 1497.50
259.80 1495.25
259.90 1489.50
260.00 1488.50
260.10 1488.25
260.20 1490.00
260.30 1489.50
260.40 0.00
260.50 0.00
260.60 0.00
260.70 0.00
260.80 0.00
260.90 0.00
261.00 1480.00
261.10 1480.25
261.20 0.00
261.30 1478.50
261.40 1479.00
261.50 1481.50
261.60 1482.50
261.70 1485.50
261.80 1485.00
261.90 1483.25
262.00 1482.00
262.10 1481.50
262.20 1482.50
262.30 1477.00
262.40 1476.75
262.50 1475.50
262.60 1474.00
262.70 1476.50
262.80 1474.50
262.90 1473.50
263.00 1475.75
263.10 1476.75
263.20 1470.50
263.30 1468.50
263.40 1467.50
263.50 1476.50
263.60 1481.25
263.70 1480.00
263.80 1473.50
263.90 1466.75
264.00 1466.75
264.10 1472.50
264.20 1468.25
264.30 1472.75
264.40 1474.75
264.50 1472.50
264.60 1474.25
264.70 1476.25
264.80 1475.75
264.90 0.00
265.00 1485.00
265.10 1492.00
265.20 0.00
265.30 0.00
265.40 0.00
265.50 1542.25
265.60 1548.50
265.70 1548.00
265.80 1547.50
265.90 1540.25
266.00 1547.25
266.10 1548.00
266.20 1542.75
266.30 1547.25
266.40 1543.00
266.50 1540.75
266.60 1538.75
266.70 1537.25
266.80 1541.00
266.90 1542.75
267.00 1551.00
267.10 1552.50
267.20 1540.00
267.30 1542.00
267.40 1540.75
267.50 1539.50
267.60 1539.25
267.70 1542.50
267.80 1542.75
267.90 1542.00
268.00 1539.25
268.10 1541.00
268.20 1541.25
268.30 1541.00
268.40 1547.25
268.50 1541.00
268.60 1538.25
268.70 1537.00
268.80 1540.00
268.90 1540.25
269.00 1542.25
269.10 1547.25
269.20 1546.00
269.30 1542.25
269.40 1540.00
269.50 1532.50
269.60 1533.75
269.70 1540.25
269.80 1538.75
269.90 1529.50
270.00 1527.00
270.10 1528.50
270.20 1527.75
270.30 1549.00
270.40 1554.25
270.50 1556.25
270.60 1556.00
270.70 1555.00
270.80 1554.25
270.90 1554.25
271.00 1548.00
271.10 1552.75
271.20 1545.75
271.30 1551.50
271.40 1546.00
271.50 1545.50
271.60 1554.75
271.70 1545.50
271.80 1541.00
271.90 1540.75
272.00 1537.75
272.10 1526.75
272.20 1526.00
272.30 1535.25
272.40 1536.75
272.50 1539.00
272.60 1532.00
272.70 1537.75
272.80 1538.75
272.90 1532.75
273.00 1533.00
273.10 1539.25
273.20 1538.75
273.30 1539.00
273.40 1540.50
273.50 1538.75
273.60 1535.00
273.70 1536.25
273.80 1534.75
273.90 1538.00
274.00 1539.50
274.10 1540.50
274.20 1540.50
274.30 1541.00
274.40 1537.00
274.50 1539.50
274.60 1541.50
274.70 1542.00
274.80 1550.75
274.90 1542.50
275.00 1542.75
275.10 1550.50
275.20 1549.25
275.30 1538.00
275.40 1543.25
275.50 1543.00
275.60 1553.00
275.70 1550.25
275.80 1544.50
275.90 1543.25
276.00 1549.00
276.10 1544.00
276.20 1549.50
276.30 1555.00
276.40 1553.75
276.50 1549.50
276.60 1548.25
276.70 1554.25
276.80 1546.25
276.90 1544.25
277.00 1551.25
277.10 1552.25
277.20 1547.50
277.30 1552.75
277.40 1555.50
277.50 1551.75
277.60 1552.50
277.70 1539.75
277.80 1542.75
277.90 1557.50
278.00 1557.50
278.10 1556.00
278.20 1553.75
278.30 0.00
278.40 0.00
278.50 0.00
278.60 0.00
278.70 0.00
278.80 0.00
278.90 0.00
279.00 0.00
279.10 0.00
279.20 0.00
279.30 0.00
279.40 0.00
279.50 0.00
279.60 0.00
279.70 0.00
279.80 0.00
279.90 0.00
280.00 0.00
280.10 0.00
280.20 0.00
280.30 0.00
280.40 0.00
280.50 0.00
280.60 0.00
280.70 0.00
280.80 0.00
280.90 0.00
281.00 0.00
281.10 0.00
281.20 0.00
281.30 0.00
281.40 0.00
281.50 0.00
281.60 0.00
281.70 0.00
281.80 0.00
281.90 0.00
282.00 0.00
282.10 0.00
282.20 0.00
282.30 0.00
282.40 0.00
282.50 0.00
282.60 0.00
282.70 0.00
282.80 0.00
282.90 0.00
283.00 0.00
283.10 0.00
283.20 629.50
283.30 0.00
283.40 0.00
283.50 0.00
283.60 0.00
283.70 0.00
283.80 0.00
283.90 0.00
284.00 0.00
284.10 0.00
284.20 0.00
284.30 1587.25
284.40 1587.50
284.50 0.00
284.60 0.00
284.70 0.00
284.80 0.00
284.90 0.00
285.00 0.00
285.10 0.00
285.20 0.00
285.30 0.00
285.40 0.00
285.50 0.00
285.60 0.00
285.70 0.00
285.80 1607.50
285.90 0.00
286.00 1604.00
286.10 1604.75
286.20 1603.50
286.30 1605.00
286.40 1605.75
286.50 1604.25
286.60 1603.75
286.70 1596.50
286.80 1605.75
286.90 1611.50
287.00 1612.75
287.10 1613.75
287.20 1614.00
287.30 1614.50
287.40 1613.75
287.50 1613.00
287.60 1614.75
287.70 1614.50
287.80 1615.50
287.90 1618.00
288.00 1601.25
288.10 1598.50
288.20 1598.75
288.30 0.00
288.40 0.00
288.50 0.00
288.60 0.00
288.70 0.00
288.80 0.00
288.90 0.00
289.00 1599.50
289.10 0.00
289.20 0.00
289.30 0.00
289.40 0.00
289.50 1598.50
289.60 1603.75
289.70 1602.00
289.80 1601.75
289.90 0.00
290.00 1604.75
290.10 1606.50
290.20 1607.00
290.30 1609.25
290.40 0.00
290.50 0.00
290.60 0.00
290.70 0.00
290.80 1605.50
290.90 1605.25
291.00 1607.75
291.10 1609.50
291.20 1607.50
291.30 1606.25
291.40 1605.00
291.50 1609.75
291.60 1611.25
291.70 0.00
291.80 0.00
291.90 0.00
292.00 0.00
292.10 1613.75
292.20 1614.50
292.30 1617.75
292.40 0.00
292.50 0.00
292.60 0.00
292.70 1583.50
292.80 1579.75
292.90 1572.50
293.00 1569.25
293.10 1568.00
293.20 1567.75
293.30 1561.75
293.40 1562.75
293.50 1554.25
293.60 1553.00
293.70 1554.25
293.80 1556.00
293.90 1552.75
294.00 1552.25
294.10 1544.50
294.20 1546.25
294.30 1556.50
294.40 1558.75
294.50 1556.75
294.60 1555.75
294.70 1560.00
294.80 1558.75
294.90 1565.25
295.00 1564.75
295.10 1565.50
295.20 1556.50
295.30 1555.00
295.40 1551.25
295.50 1545.00
295.60 1552.25
295.70 1551.75
295.80 1545.50
295.90 1538.75
296.00 1527.75
296.10 1524.50
296.20 1513.00
296.30 1509.25
296.40 1497.25
296.50 1486.25
296.60 1486.25
296.70 1474.50
296.80 1474.00
296.90 1464.50
297.00 1459.75
297.10 1458.00
297.20 1455.75
297.30 1440.75
297.40 1430.25
297.50 1425.25
297.60 1418.25
297.70 1415.00
297.80 1414.00
297.90 1412.00
298.00 1411.75
298.10 1410.75
298.20 1416.00
298.30 1418.00
298.40 1419.75
298.50 1420.25
298.60 1418.75
298.70 1419.25
298.80 1421.25
298.90 1421.00
299.00 1415.25
299.10 1420.00
299.20 1420.25
299.30 1424.25
299.40 1424.75
299.50 1427.75
299.60 1425.25
299.70 1426.50
299.80 1427.00
299.90 1433.75
300.00 1434.75
300.10 1434.75
300.20 1441.25
300.30 1440.50
300.40 1439.25
300.50 1440.50
300.60 1439.50
300.70 1444.00
300.80 1443.00
300.90 1445.25
301.00 1444.25
301.10 1443.00
301.20 1444.00
301.30 1448.75
301.40 1450.00
301.50 1461.00
301.60 0.00
301.70 0.00
301.80 0.00
301.90 0.00
302.00 0.00
302.10 0.00
302.20 0.00
302.30 0.00
302.40 0.00
302.50 0.00
302.60 0.00
302.70 0.00
302.80 0.00
302.90 0.00
303.00 0.00
303.10 0.00
303.20 0.00
303.30 0.00
303.40 0.00
303.50 0.00
303.60 0.00
303.70 0.00
303.80 0.00
303.90 0.00
304.00 0.00
304.10 0.00
304.20 0.00
304.30 0.00
304.40 0.00
304.50 0.00
304.60 0.00
304.70 0.00
304.80 0.00
304.90 0.00
305.00 0.00
305.10 0.00
305.20 0.00
305.30 0.00
305.40 0.00
305.50 0.00
305.60 0.00
305.70 0.00
305.80 0.00
305.90 0.00
306.00 0.00
306.10 0.00
306.20 0.00
306.30 0.00
306.40 0.00
306.50 0.00
306.60 0.00
306.70 0.00
306.80 0.00
306.90 0.00
307.00 0.00
307.10 0.00
307.20 0.00
307.30 0.00
307.40 0.00
307.50 0.00
307.60 0.00
307.70 0.00
307.80 0.00
307.90 0.00
308.00 0.00
308.10 0.00
308.20 0.00
308.30 0.00
308.40 0.00
308.50 0.00
308.60 0.00
308.70 0.00
308.80 0.00
308.90 0.00
309.00 0.00
309.10 0.00
309.20 0.00
309.30 0.00
309.40 0.00
309.50 0.00
309.60 0.00
309.70 0.00
309.80 0.00
309.90 0.00
310.00 0.00
310.10 0.00
310.20 0.00
310.30 0.00
310.40 0.00
310.50 0.00
310.60 0.00
310.70 0.00
310.80 0.00
310.90 0.00
311.00 0.00
311.10 1079.25
311.20 1080.25
311.30 0.00
311.40 0.00
311.50 0.00
311.60 0.00
311.70 0.00
311.80 0.00
311.90 0.00
312.00 0.00
312.10 0.00
312.20 0.00
312.30 0.00
312.40 0.00
312.50 0.00
312.60 0.00
312.70 0.00
312.80 0.00
312.90 0.00
313.00 0.00
313.10 0.00
313.20 0.00
313.30 0.00
313.40 0.00
313.50 0.00
313.60 0.00
313.70 485.00
313.80 0.00
313.90 0.00
314.00 553.00
314.10 0.00
314.20 0.00
314.30 0.00
314.40 0.00
314.50 0.00
314.60 0.00
314.70 0.00
314.80 0.00
314.90 0.00
315.00 0.00
315.10 0.00
315.20 0.00
315.30 0.00
315.40 551.00
315.50 0.00
315.60 0.00
315.70 493.75
315.80 0.00
315.90 545.25
316.00 0.00
316.10 0.00
316.20 0.00
316.30 0.00
316.40 0.00
316.50 0.00
316.60 0.00
316.70 540.25
316.80 0.00
316.90 0.00
317.00 0.00
317.10 0.00
317.20 0.00
317.30 0.00
317.40 0.00
317.50 0.00
317.60 0.00
317.70 0.00
317.80 0.00
317.90 0.00
318.00 0.00
318.10 0.00
318.20 0.00
318.30 0.00
318.40 0.00
318.50 0.00
318.60 0.00
318.70 0.00
318.80 0.00
318.90 0.00
319.00 1251.75
319.10 1249.50
319.20 1250.50
319.30 0.00
319.40 0.00
319.50 0.00
319.60 0.00
319.70 0.00
319.80 0.00
319.90 0.00
320.00 0.00
320.10 0.00
320.20 0.00
320.30 0.00
320.40 0.00
320.50 0.00
320.60 0.00
320.70 0.00
320.80 0.00
320.90 0.00
321.00 0.00
321.10 0.00
321.20 0.00
321.30 0.00
321.40 0.00
321.50 0.00
321.60 0.00
321.70 0.00
321.80 0.00
321.90 0.00
322.00 0.00
322.10 0.00
322.20 0.00
322.30 0.00
322.40 0.00
322.50 0.00
322.60 0.00
322.70 0.00
322.80 0.00
322.90 0.00
323.00 0.00
323.10 0.00
323.20 0.00
323.30 0.00
323.40 0.00
323.50 0.00
323.60 0.00
323.70 0.00
323.80 0.00
323.90 0.00
324.00 0.00
324.10 0.00
324.20 0.00
324.30 0.00
324.40 0.00
324.50 0.00
324.60 0.00
324.70 0.00
324.80 0.00
324.90 0.00
325.00 0.00
325.10 0.00
325.20 0.00
325.30 1414.75
325.40 1416.75
325.50 0.00
325.60 0.00
325.70 0.00
325.80 0.00
325.90 0.00
326.00 0.00
326.10 0.00
326.20 0.00
326.30 0.00
326.40 0.00
326.50 0.00
326.60 0.00
326.70 0.00
326.80 0.00
326.90 0.00
327.00 0.00
327.10 0.00
327.20 0.00
327.30 0.00
327.40 0.00
327.50 0.00
327.60 0.00
327.70 0.00
327.80 0.00
327.90 0.00
328.00 0.00
328.10 0.00
328.20 0.00
328.30 0.00
328.40 0.00
328.50 0.00
328.60 0.00
328.70 0.00
328.80 0.00
328.90 0.00
329.00 0.00
329.10 1798.75
329.20 1808.25
329.30 1816.25
329.40 1808.75
329.50 1813.00
329.60 1726.75
329.70 1744.25
329.80 1915.00
329.90 1830.00
330.00 1819.25
330.10 1801.50
330.20 1802.00
330.30 1807.25
330.40 1813.75
330.50 1814.75
330.60 1816.50
330.70 1789.50
330.80 1839.25
330.90 1822.00
331.00 1853.25
331.10 1829.75
331.20 1842.00
331.30 1846.50
331.40 0.00
331.50 0.00
331.60 0.00
331.70 0.00
331.80 1850.75
331.90 1848.00
332.00 1846.75
332.10 0.00
332.20 0.00
332.30 0.00
332.40 1845.25
332.50 1834.50
332.60 1832.75
332.70 1832.75
332.80 0.00
332.90 0.00
333.00 0.00
333.10 0.00
333.20 0.00
333.30 0.00
333.40 0.00
333.50 0.00
333.60 0.00
333.70 0.00
333.80 1815.00
333.90 1814.00
334.00 0.00
334.10 0.00
334.20 0.00
334.30 0.00
334.40 1801.00
334.50 0.00
334.60 0.00
334.70 0.00
334.80 0.00
334.90 0.00
335.00 0.00
335.10 0.00
335.20 0.00
335.30 0.00
335.40 0.00
335.50 0.00
335.60 0.00
335.70 0.00
335.80 0.00
335.90 0.00
336.00 0.00
336.10 0.00
336.20 0.00
336.30 0.00
336.40 0.00
336.50 0.00
336.60 594.00
336.70 0.00
336.80 0.00
336.90 0.00
337.00 0.00
337.10 0.00
337.20 0.00
337.30 786.75
337.40 0.00
337.50 0.00
337.60 0.00
337.70 0.00
337.80 0.00
337.90 0.00
338.00 0.00
338.10 0.00
338.20 0.00
338.30 0.00
338.40 0.00
338.50 0.00
338.60 0.00
338.70 0.00
338.80 3568.50
338.90 3560.00
339.00 3568.50
339.10 0.00
339.20 0.00
339.30 0.00
339.40 0.00
339.50 0.00
339.60 0.00
339.70 0.00
339.80 0.00
339.90 0.00
340.00 0.00
340.10 489.00
340.20 0.00
340.30 0.00
340.40 0.00
340.50 0.00
340.60 0.00
340.70 0.00
340.80 0.00
340.90 3690.00
341.00 3773.50
341.10 3772.25
341.20 0.00
341.30 0.00
341.40 0.00
341.50 908.50
341.60 0.00
341.70 0.00
341.80 0.00
341.90 0.00
342.00 0.00
342.10 0.00
342.20 0.00
342.30 0.00
342.40 0.00
342.50 0.00
342.60 0.00
342.70 0.00
342.80 0.00
342.90 0.00
343.00 0.00
343.10 0.00
343.20 0.00
343.30 0.00
343.40 0.00
343.50 0.00
343.60 0.00
343.70 0.00
343.80 0.00
343.90 0.00
344.00 0.00
344.10 0.00
344.20 0.00
344.30 0.00
344.40 0.00
344.50 0.00
344.60 0.00
344.70 0.00
344.80 0.00
344.90 0.00
345.00 0.00
345.10 0.00
345.20 0.00
345.30 0.00
345.40 0.00
345.50 0.00
345.60 0.00
345.70 0.00
345.80 0.00
345.90 0.00
346.00 0.00
346.10 0.00
346.20 0.00
346.30 0.00
346.40 0.00
346.50 0.00
346.60 0.00
346.70 0.00
346.80 0.00
346.90 0.00
347.00 0.00
347.10 0.00
347.20 0.00
347.30 0.00
347.40 0.00
347.50 0.00
347.60 0.00
347.70 5317.50
347.80 0.00
347.90 0.00
348.00 5320.25
348.10 5306.75
348.20 0.00
348.30 5312.00
348.40 5290.50
348.50 5280.00
348.60 5280.00
348.70 5261.25
348.80 5288.00
348.90 0.00
349.00 5280.00
349.10 0.00
349.20 0.00
349.30 5298.50
349.40 0.00
349.50 0.00
349.60 0.00
349.70 0.00
349.80 0.00
349.90 0.00
350.00 0.00
350.10 0.00
350.20 0.00
350.30 0.00
350.40 0.00
350.50 0.00
350.60 0.00
350.70 0.00
350.80 0.00
350.90 0.00
351.00 0.00
351.10 0.00
351.20 0.00
351.30 0.00
351.40 0.00
351.50 0.00
351.60 0.00
351.70 0.00
351.80 0.00
351.90 0.00
352.00 0.00
352.10 0.00
352.20 0.00
352.30 0.00
352.40 0.00
352.50 0.00
352.60 5352.75
352.70 5333.75
352.80 0.00
352.90 0.00
353.00 0.00
353.10 0.00
353.20 0.00
353.30 0.00
353.40 0.00
353.50 0.00
353.60 0.00
353.70 0.00
353.80 0.00
353.90 0.00
354.00 0.00
354.10 0.00
354.20 0.00
354.30 0.00
354.40 0.00
354.50 0.00
354.60 0.00
354.70 0.00
354.80 0.00
354.90 0.00
355.00 0.00
355.10 0.00
355.20 0.00
355.30 0.00
355.40 0.00
355.50 0.00
355.60 0.00
355.70 0.00
355.80 0.00
355.90 0.00
356.00 0.00
356.10 0.00
356.20 0.00
356.30 0.00
356.40 0.00
356.50 0.00
356.60 0.00
356.70 0.00
356.80 0.00
356.90 0.00
357.00 0.00
357.10 0.00
357.20 0.00
357.30 0.00
357.40 0.00
357.50 0.00
357.60 0.00
357.70 0.00
357.80 0.00
357.90 0.00
358.00 0.00
358.10 0.00
358.20 0.00
358.30 0.00
358.40 0.00
358.50 0.00
358.60 0.00
358.70 0.00
358.80 0.00
358.90 0.00
359.00 0.00
359.10 0.00
359.20 0.00
359.30 0.00
359.40 0.00
359.50 0.00
359.60 0.00
359.70 0.00
359.80 0.00
359.90 0.00